64 0
49 1
12 2
21 3
68 4
43 5
11 6
31 7
94 8
61 9
18 10
22 11
48 12
92 13
19 14
82 15
96 16
35 17
36 18
65 19
75 20
81 21
57 22
30 23
38 24
25 25
10 26
6 27
26 28
66 29
41 30
62 31
86 32
32 33
93 34
7 35
34 36
23 37
72 38
4 39
5 40
45 41
44 42
97 43
88 44
80 45
78 46
52 47
9 48
73 49
95 50
85 51
98 52
28 53
58 54
69 55
37 56
67 57
24 58
55 59
76 60
14 61
91 62
99 63
89 64
33 65
16 66
53 67
29 68
42 69
20 70
8 71
50 72
3 73
27 74
63 75
17 76
40 77
87 78
77 79
56 80
90 81
79 82
46 83
100 84
1 85
51 86
2 87
74 88
84 89
47 90
60 91
39 92
15 93
70 94
54 95
59 96
13 97
83 98
71 99
