4717
5806
4909
1573
73
1892
4229
9674
9170
3093
7151
6257
4802
1423
4808
4575
5783
1250
7276
7687
3372
5449
9316
2437
5892
5966
3567
9236
5649
5638
570
3899
7975
2578
6754
273
7073
8639
4194
2477
319
5300
4729
8901
648
5453
2248
1434
9383
9193
169
9260
4737
759
9243
1956
5044
2680
7692
7241
1936
7591
6756
2544
8744
7841
310
2127
474
8488
7806
2826
4553
147
8794
9761
7586
7469
3439
8912
7949
6063
6901
9549
5588
1950
3483
2292
5884
9233
6787
3574
7249
2973
1997
7223
4835
7638
4214
440
6333
2131
3874
7718
4085
2917
1864
9788
7373
8535
34
1247
9628
488
6664
4523
5906
3067
7983
2337
3056
4381
3451
7645
5314
2200
2840
5596
1892
4999
4212
9920
8836
5873
7347
5323
9096
6831
9694
7300
8127
2725
2559
3414
8431
3748
4491
9856
6163
8347
3077
4254
6489
4330
6066
8004
7792
5980
7120
8104
5042
1164
6552
1000
6223
2093
6031
9968
6325
2207
5445
5426
8548
9745
4839
4600
2229
7409
9128
4924
2808
2180
7495
8381
7525
1366
2945
2499
2703
1874
6429
1641
2107
3370
1902
5284
7657
9702
4775
1853
8583
971
3099
2148
8945
2176
403
513
9833
2662
4248
7304
1267
5823
8323
5342
5475
1360
5109
6629
4927
2843
538
5986
6384
5654
1914
1375
3428
6012
5781
7303
8178
7733
2042
8173
5103
2717
8722
828
7967
8726
5641
2350
3199
380
4069
6594
5740
6608
2733
5586
3935
9796
7773
3122
7585
2368
9363
1642
587
1515
4828
1671
4071
5286
3085
179
7104
9462
8626
7123
8555
9866
3177
9582
8322
4396
6775
6664
6056
6534
3931
1703
5007
6307
1346
6097
2959
1152
2250
202
4402
4405
5674
1840
7550
793
6745
5785
5987
348
7895
7019
5751
7482
3638
7593
3153
9856
4948
346
8976
3220
9435
2031
2205
2931
8522
6382
3152
4473
3221
483
3022
1073
2714
2410
8868
5289
4773
7456
226
5308
4674
1937
4048
8157
4991
9486
6533
9583
8389
2057
5792
4629
4909
544
5104
3466
8858
1657
6024
511
7030
4654
5457
9244
3728
7181
2697
6558
2287
533
5770
6660
3508
3981
8716
3313
7351
5835
9515
197
3066
9293
8678
5303
8320
5382
3282
5654
3996
4432
2991
2487
6260
2802
2044
1951
6762
5621
4221
740
1818
7880
9209
2050
7058
4410
1794
944
2712
9287
4700
7161
8302
6926
7441
2053
3367
4509
341
5597
6235
3401
3337
9310
9961
485
8852
8021
1232
7767
3045
4728
6140
256
9570
5733
4157
4239
5433
4427
8583
4819
5839
288
5707
4247
2880
5837
9975
590
9841
1243
7244
2740
8879
4613
9719
3963
1975
5671
3658
5569
6133
9834
3887
1655
3256
4279
5765
6735
7980
1303
2055
2978
3545
7070
9857
8840
2886
9513
6887
944
5100
8319
3507
9456
463
2989
2712
731
5919
6861
2193
7026
4926
9053
5706
4722
4060
970
9482
6571
6193
3936
3406
7865
1440
8735
5808
4874
5858
1645
1337
3599
8303
5477
1948
2486
426
528
9170
5583
2134
1880
7581
5955
4610
6905
5670
3297
9983
3241
3174
6801
1307
3149
5980
1896
3242
4962
2708
641
6633
9474
9928
3996
375
9538
319
7284
2760
6366
6569
6579
1236
1039
5872
7157
2036
3922
2213
5029
875
5160
3787
9531
33
609
9298
9544
2121
2359
3207
2235
4226
9916
79
5024
1591
9730
6690
4675
4938
5609
7668
5254
8829
4686
6238
8849
3448
5971
4854
293
9001
2143
4974
9811
8311
3379
5301
5963
4499
6216
8369
1972
1767
6231
9002
8443
3464
8678
8928
929
8271
2595
8148
2100
6141
9848
3566
8422
4724
6393
7768
6963
5840
9088
8406
1031
4293
2664
9928
1960
9589
8525
5691
5975
1932
764
9521
742
5940
2286
3558
9160
4539
3353
3187
8465
4517
391
6736
4401
5873
4092
5186
6480
8959
459
546
3801
9740
3319
4215
1081
8159
4359
1527
4183
7409
2459
7832
4674
256
3332
7601
8942
2893
5301
8294
1384
6745
1433
4292
6764
7127
9368
5463
2848
9714
3705
6632
7172
2667
1820
8270
1164
8976
5668
6239
7120
690
4377
3444
9709
4628
1103
389
9339
354
3892
2747
6143
4200
2630
8533
8604
6544
8413
2943
4927
6700
9694
9916
4597
4692
7305
7313
4580
8277
3421
7493
520
3069
9537
263
3398
8163
3817
8675
8376
3037
9886
5857
5725
9401
1777
2031
6404
4484
6815
8395
383
9597
480
9410
1861
449
2196
9016
3539
6413
1843
7495
9258
9825
3917
1111
505
7965
7971
3798
9498
8352
2763
9706
9661
7720
2278
536
4320
7658
2244
5574
8892
9221
5843
4905
6034
8253
6896
9408
8282
9397
9575
4389
9348
4610
5886
20
3537
4046
67
6867
3593
1328
7127
9958
4376
8913
2834
4447
3538
1837
557
6078
6862
4439
4702
4971
2369
1604
1178
7485
84
3190
1854
5934
8549
9069
3423
2707
1113
8159
5646
4499
560
2512
4573
3557
4391
3495
3957
7166
4048
9365
6404
8045
1613
5703
3437
8190
7679
9737
4075
723
2611
8022
7973
4535
9696
8031
5390
9181
3232
4021
5931
8382
1509
7525
2450
6461
9218
9161
287
4217
1413
9232
5521
4622
888
1145
8455
8126
9734
4962
1262
3605
4308
1457
8921
9167
1211
4423
752
4920
8839
2914
5770
5885
3822
4168
5159
9215
4832
3294
2049
8126
621
5874
7557
9382
2017
1409
2743
5469
6576
2808
2139
1972
5296
3505
3601
7628
9895
3271
6242
9653
9675
7188
8481
1235
9421
9151
8523
5178
3366
3816
6242
2146
3118
6143
295
5254
5800
6085
2325
7147
9600
7081
6399
8565
2572
7080
382
9039
8816
2506
8344
5191
4606
6114
6834
7675
2921
4255
7341
986
8063
8776
3461
5997
1505
4657
670
4386
5546
2651
4619
4669
2832
3383
9937
2983
1136
4553
3870
185
6024
2810
1931
7080
34
1197
5623
176
4911
508
7386
5468
2378
5977
1870
4511
249
2992
6893
6543
5291
9106
193
4474
7842
5908
7412
3035
3516
5108
2528
267
4180
6651
5181
9835
1079
3960
3389
4269
7441
293
815
2257
4174
4586
822
4672
1816
9111
6855
1732
6034
6590
7934
4139
486
6691
1717
7519
8608
9291
7776
1143
1110
944
4156
2019
8540
1459
9302
5353
5574
5174
3382
3484
480
2750
1662
6064
9873
2870
8830
7931
806
8990
8968
6750
3378
5150
4597
51
6994
5491
7122
6439
4567
6551
8619
365
9847
9907
8928
9957
7686
5100
7608
7263
7175
440
5896
5121
6383
563
3244
5133
669
2746
4658
1951
4562
4970
6568
2034
3239
2853
1968
6908
7366
142
1976
9126
4311
6822
6701
8437
9626
4614
8685
3689
6997
7962
9383
8864
9880
725
4106
3218
943
9401
55
5042
7857
4624
9332
6869
5209
9428
6951
1331
1793
9099
6133
1303
1606
7951
158
568
1325
6628
1389
4373
5275
1735
4324
3133
3213
6338
6115
2218
7044
4406
6477
2371
6694
7821
1917
5898
4700
4126
309
3341
913
6166
8028
1465
4295
1498
115
9800
8782
5151
8107
2551
675
7389
2843
5026
2702
6435
2395
4239
5681
7722
4528
2454
9948
2465
1839
9060
6019
6120
261
2065
3752
8187
3275
5750
3825
338
2087
2207
9778
6973
5929
804
4158
9955
2998
6251
6743
1657
2400
3624
7509
8430
6347
8887
7994
6960
5909
2217
2790
4097
8646
7558
6005
1633
4213
6546
2908
7726
6039
9763
2875
6111
8833
3799
1856
4882
8539
9328
381
8506
3717
1852
9708
6610
8315
6833
3441
1801
9618
9055
358
6547
3182
3778
1726
1291
3443
9519
3218
4211
4029
4150
5424
9097
8057
8286
9570
6704
9605
8947
1868
3877
1175
1925
8561
423
4061
582
5439
7328
6249
7410
1401
2986
1751
6828
6008
620
7520
2778
7171
8381
8921
7476
6645
5198
5054
2379
1049
6073
5325
5795
8354
2293
6973
7351
8196
1574
6839
6253
1450
207
933
3547
3034
5777
2515
1074
2168
7034
9393
8379
2495
3473
9839
563
7738
1912
1075
9927
3011
3233
1757
7646
9472
7860
1412
2589
5385
3603
5965
3334
7702
2058
5113
6973
7040
1198
3789
6344
4062
3300
6546
1408
2692
3197
7364
3365
5407
6431
2488
6402
1175
749
5441
9415
6654
8719
2548
4395
9941
2025
1828
3282
2737
9083
2690
3713
8367
7066
5876
1347
9860
7707
5419
8632
2528
2437
4693
6558
1544
7807
5066
8736
8865
5075
5830
1715
886
8035
5019
6988
6355
5544
7691
4043
1101
3500
2552
6427
6086
6671
7163
5235
9006
4860
5137
5340
1759
2459
7504
7527
1824
5018
4602
1473
199
7245
8822
5344
4704
1342
3181
9922
8818
4260
4560
5909
3562
8269
5017
1794
517
793
8333
5337
768
7456
3085
7889
833
2919
436
7943
3162
5173
7377
7123
9149
9736
4417
6082
3041
5293
6916
8151
6122
9194
4177
9144
1403
7067
9259
3013
1683
9054
6533
9933
7991
3104
1944
5281
7125
8566
980
4121
9021
8751
5846
5968
6007
8503
2274
8235
5452
5102
1758
6882
2027
7091
4966
7118
7836
6033
3720
5324
9268
2459
1413
7854
4801
6831
4463
728
8968
9151
2121
4130
4004
1771
2228
2205
24
2483
3750
1517
5383
1761
8749
7883
7989
3299
9277
1722
9364
6894
1951
7379
2872
3339
740
3768
8124
9415
9431
5827
4280
7236
4344
2906
4731
8441
1731
4649
549
1614
3910
464
1008
8910
6618
8589
4527
93
2992
2294
4990
1274
8940
5080
5147
2134
7191
7810
3081
9154
6887
1382
4868
5190
8267
3025
8754
4607
1834
9403
8660
3280
6447
3862
2894
2553
284
7560
1850
353
1256
2687
4106
7630
7878
6169
6978
8286
2441
359
3036
417
9856
9131
742
7911
4021
9500
3833
9049
2683
4050
2874
6654
1806
8224
5180
3885
6698
6368
1841
6663
117
4133
9774
9751
2806
8341
3432
1576
2852
3786
8172
6930
2348
1984
9675
6606
6711
9941
7212
2032
6106
1307
7472
716
6257
4669
1965
640
3393
5786
9919
349
6103
9374
2146
4146
9516
1514
9905
7431
742
2249
4224
9234
3417
4054
8509
5184
962
2389
2066
8265
8492
9828
739
2644
8548
2939
622
7685
3161
9724
1616
5107
7333
9208
1547
654
3601
6973
9867
2966
3497
9554
5810
8581
5450
5469
3588
168
823
8206
7580
620
3953
633
2758
6139
2288
5001
7985
5487
5851
8132
6770
5591
4786
8881
7799
9448
6604
2932
835
8352
9427
4557
6067
8612
8092
9003
9300
3920
9118
4643
9432
7736
960
6864
6115
5173
6398
1247
8053
3882
7040
1052
6525
5313
2524
8127
2454
1516
5762
5651
5264
4711
5729
3605
9750
213
6051
6870
4606
3866
5152
1908
8737
5130
915
8035
2855
8881
4815
2488
2356
2487
9798
8111
4753
2089
1870
9774
8187
6982
2461
2280
2258
1754
8769
9970
3738
6670
6086
4491
5597
911
7337
1729
6552
2465
6329
6194
5716
7845
8492
2807
3856
4544
9506
9955
5824
244
9996
5354
539
9534
2469
6722
6177
6522
6316
4133
1231
9720
7977
1769
8586
3601
4643
3809
9146
3418
3072
7291
8938
8301
1121
6925
2656
7295
9835
4381
5332
4831
2600
6727
7059
3600
9677
8629
8737
5755
7399
2109
9009
9407
2536
1396
5137
7177
5983
6021
440
2665
6104
2551
154
5139
9117
2225
7123
700
8069
6380
9527
4092
5872
4281
738
8775
3016
9369
2025
9313
3829
8520
3489
9487
8305
4771
5391
4251
4893
1679
5961
6384
3583
9501
3433
8204
6265
8518
2671
1761
6950
4365
2802
3375
8525
1773
9974
9325
8013
4894
1844
6872
6404
39
6235
9503
5522
6912
3337
9385
432
6792
4881
5121
1689
1908
6562
6413
926
2660
2497
8508
4752
1945
1230
2033
8130
2953
4935
890
5303
9966
1382
4217
7920
4957
9970
6204
4310
3053
4105
376
5093
9747
7056
9538
244
6514
8431
221
7734
9278
8623
2883
9011
2045
5044
2141
534
5813
1671
6580
1149
3947
2880
9042
6890
4416
8977
1803
2255
5040
8695
3939
3745
7601
9624
5262
2827
7370
9088
9801
2831
4158
2103
7664
8911
2303
4418
2376
6363
8256
2310
6003
9948
2789
375
3225
9551
4007
6474
3756
8380
5497
5574
7371
6215
8360
309
5871
1162
7529
8287
3207
691
6953
4509
6066
4201
1127
8529
5374
9488
5189
1878
8606
9105
2365
9289
4434
8665
3545
1317
2422
2170
5916
8523
347
9805
6592
1979
6835
8926
1383
9076
8341
7457
794
7743
9687
9929
6374
5847
5792
1409
4226
1342
321
6923
9154
1719
8930
5705
3956
8993
419
2244
238
2724
5620
8667
1931
3991
9949
5680
9660
4667
3107
2682
8499
6259
9012
4084
3199
525
5609
4646
2790
9384
8787
1992
5343
7908
9793
6096
6823
3357
4548
796
4625
3860
2382
7931
2123
3716
3196
1088
2146
7067
8976
6599
2389
440
3090
3108
7595
646
8602
7052
8167
473
46
6984
4600
9528
4868
736
8676
3071
2887
9398
1826
2168
3846
7377
8886
3461
9296
191
6322
592
5036
1891
9861
3638
4742
3276
6189
88
1169
2317
1220
470
6502
1284
7049
453
1102
8020
6034
204
7989
9531
824
3145
8277
7352
6149
6688
7566
5402
2864
7974
3427
2505
6082
4350
8926
5871
5601
2748
136
7872
526
4665
7993
134
4170
1342
3416
226
5417
8111
8437
7096
2253
2707
2029
2590
4479
9429
9577
9074
8229
5922
1820
4294
69
9264
6519
6297
4113
127
5543
5747
7144
3403
3410
4205
7681
4190
8530
2326
7573
2106
9557
5920
1712
1459
4352
7528
8456
4149
1912
6871
8405
6534
4108
3969
9958
173
3903
1877
5978
6172
4914
9255
1287
3071
9822
4395
2795
5869
7400
5981
9235
1524
6546
1746
4102
2881
3670
6706
4539
9200
430
5068
5507
2729
9479
8189
1345
7889
9203
5131
3492
7529
895
7344
120
9000
9009
4967
8064
1256
491
9845
4865
4733
5377
8486
4702
8303
4783
5391
9079
9058
974
8998
9008
3615
2232
7474
6179
169
1941
244
8391
874
6593
3212
6654
7218
5638
1766
5947
772
7741
8475
2021
9702
1562
5851
9852
4603
4854
8713
5973
4423
6466
4234
8108
6159
2387
5420
3809
6825
1207
5066
5501
6037
2940
3262
2385
9528
7017
1636
1629
6739
3548
2217
3215
4827
209
7415
1971
8702
5903
3773
6922
8858
815
2589
1388
4043
2158
1931
5490
8005
7331
1142
1130
7138
915
8480
9669
5184
1714
4868
8488
9509
8855
42
4499
4081
8810
1620
3250
253
6046
5457
473
3573
7672
1622
2894
9004
9435
5701
1686
4426
2816
7438
6809
828
8146
97
7369
9257
9067
2525
5528
3781
6606
1193
3066
416
9037
7375
2503
4971
1053
2329
4560
1788
774
2757
760
2181
6915
3380
9446
6485
7934
218
9496
5714
8439
9564
745
161
3812
1698
1776
3309
7374
6080
265
846
4516
9822
7380
3212
4422
6863
8711
2060
7441
4740
4169
7917
8254
9822
3006
1700
9444
5750
1435
5992
5887
2739
4453
8481
3397
4371
9193
2663
6228
4566
7095
6039
9891
9586
3791
5564
7523
8678
2503
4784
5164
6234
3413
5748
2968
8550
8127
5454
9469
7448
9331
9060
502
3628
6293
5518
9139
6781
4826
236
7761
2819
2025
7208
1040
4756
1254
750
9835
5204
2037
9
5574
9412
1890
6123
8592
304
1257
9535
9208
6518
4639
893
7886
730
7925
6132
2558
7616
1335
938
5416
602
4103
3584
6540
5999
4565
2621
3519
2320
1793
3335
769
6195
2267
441
989
968
3200
6100
462
1138
9237
9133
3526
530
5491
5955
4178
1741
424
4175
4282
9180
6562
7160
7639
4512
8574
7809
6489
6843
9240
7922
7185
7206
4092
4994
9550
8769
7158
5629
9034
4910
6461
7131
7912
740
561
1192
3667
6626
8844
4873
98
808
3056
6961
2323
4108
7111
6645
7647
6050
860
2464
3712
6579
2936
7125
9986
3243
8357
7377
2557
9931
3888
8906
128
277
8768
5313
8196
9862
543
5498
7812
1359
5826
4000
9859
57
4108
5003
2013
291
89
2823
9260
8016
4604
8330
7822
9905
2068
8540
31
2754
1692
6616
4032
722
7514
8445
476
2738
8737
1627
5150
1947
6367
6677
8154
1458
148
3781
3733
5897
979
8651
3012
8773
8240
1671
3753
9177
199
6317
9169
4134
7803
6036
9962
9213
6770
9330
341
5214
5369
2052
553
5734
1161
1482
8999
469
2295
9814
1267
4043
8653
2049
8322
3537
7593
4038
6296
6274
9268
6363
1451
1912
6165
8678
6008
85
9833
404
4971
4041
8050
2625
1132
3956
5279
5595
857
8200
4581
956
2754
7722
323
9093
2177
1062
1266
2793
638
1928
3561
3610
424
1895
1810
8056
1895
7548
9263
611
314
1768
3417
6182
2030
202
4421
642
8850
8377
3764
9879
3787
9514
3755
4480
6412
6310
9605
9512
6725
8052
9965
5638
6025
7845
845
202
6638
3378
3489
5901
9594
8109
7114
8192
2248
3033
5140
8278
3693
7992
2606
465
4787
5272
4622
9158
8072
8895
8846
7394
7933
5694
1299
3293
1662
5662
6599
3115
4663
2137
4160
1018
7996
2275
854
660
8285
6789
8230
8460
4488
593
628
6258
3450
6721
139
9946
1173
2747
6223
3002
1471
5951
9279
7186
9212
7671
3447
5172
9771
6053
9685
6337
2729
7055
370
5034
5410
3775
7017
2734
9103
2624
7356
5531
8058
6608
6865
9236
6170
9311
3667
6187
2941
5697
2666
3886
4459
407
3750
5005
8646
4504
6027
7302
8351
9929
9654
9136
9952
6054
4176
6779
259
3307
1866
2870
1370
7808
6453
2216
6301
8427
787
1861
2757
4480
5200
4357
356
4287
4455
8250
985
109
3980
8760
9319
9178
4599
3345
813
587
8653
6913
3886
3105
3877
3746
5084
4439
382
3102
5919
5565
3989
6040
34
345
8264
7110
1391
3703
4485
7467
2787
2299
6739
4790
5789
647
905
4618
7255
4740
9534
4772
6612
7416
1353
3108
2468
8779
3222
4143
7493
5982
4061
3228
6208
8884
200
3263
9496
9200
1803
9456
3815
7148
6263
2213
763
4919
2882
6533
4609
7604
6094
7862
9325
7213
4755
6400
6159
5069
137
5984
7557
4733
737
7851
1264
7241
3850
1590
764
684
1734
7748
9562
2386
4
2873
5617
6207
7035
738
494
764
2744
4212
7641
4275
4473
1423
6730
6056
2540
7215
514
1105
2546
2295
5360
7485
6451
1164
6082
8041
2325
1093
1422
9888
2007
8927
9962
5929
5923
5401
2282
8448
2563
8389
8022
6468
8801
5101
6314
9624
5653
7537
6013
3226
1659
6782
1356
6678
6741
7239
3851
5264
4807
1305
8242
6846
5296
1265
1929
7502
9108
8083
3073
579
8582
6540
8574
6609
5140
4666
4308
7818
3076
1035
5822
4289
2779
956
9583
4936
1646
8244
4982
3316
5562
250
550
8477
1145
5745
7790
1674
7895
2983
7138
5311
9619
4367
2228
1481
480
4717
2721
9705
3857
429
1126
4428
2013
9229
2713
8242
3291
7960
2037
158
2014
2625
5789
7722
9007
5142
5672
2264
1203
7076
7174
2055
904
8207
4602
5610
8484
5652
9462
9181
8757
5485
8968
8709
2789
5265
7086
2137
134
125
8778
3686
8168
9040
8616
7640
2040
3733
8849
3842
6759
3166
9664
3193
534
3964
5273
2236
7768
4120
4902
7871
7095
5284
4710
4680
439
3741
487
4266
7446
4508
5981
7569
2454
9126
3094
9337
7778
6776
9996
8546
7246
6407
7998
5714
2834
917
3974
8536
6289
4874
2965
4076
1557
6902
2716
3083
281
2958
5424
2463
3105
7886
2253
8615
511
5445
8640
9941
7820
1191
3487
8357
7833
3133
8743
1161
6723
2187
8778
5159
9138
9503
8155
7021
9270
4301
7323
4211
7131
5601
6407
3508
1735
7308
3672
4360
1361
712
4186
5038
9106
7522
9579
3489
6761
1015
6066
9956
4899
9520
9862
5021
5894
4198
9392
6622
9915
3980
6094
5716
9294
2594
5583
7301
3252
7391
4597
9130
3881
3715
6949
7873
2418
5139
4086
7969
9615
3838
7864
4727
451
6244
6427
7586
8715
8338
6403
5248
7307
4209
7929
7138
2532
9906
2783
1376
1587
5081
3090
5006
1859
4362
1774
9844
3891
4501
2602
2908
3023
7275
5752
294
6108
3697
1649
8763
2825
5590
2652
7869
3464
6932
5892
178
1650
3828
6356
5157
6229
1009
4769
58
3380
6424
8670
7350
5472
3760
3418
6455
8791
9442
415
3500
7379
1109
4392
2838
2606
4637
8828
1889
2976
4115
9878
2495
3851
2551
4214
9206
1996
4752
7062
9147
203
5022
3542
1285
4598
4619
8384
4664
7837
3741
3838
2138
7156
7578
5038
6590
577
1049
8738
8842
7917
4575
3608
2501
5804
814
4883
3301
4122
9558
3137
8353
770
7146
557
2898
7816
3752
4415
5051
8339
1129
7041
9332
6497
3543
9625
8561
2565
4084
86
9207
4367
1928
1289
8344
2939
2022
1178
7140
9662
4712
6037
9917
9851
3188
394
8055
7117
5122
8482
4100
6972
5570
6872
5596
2409
5677
6864
711
4883
2393
4761
1773
2139
8079
4307
432
9240
3829
9301
4239
3211
2578
2797
2512
807
829
78
8296
514
6723
1660
4162
3015
8101
8405
4157
5871
6698
6806
5313
2165
4798
2396
1237
7509
3136
2193
6504
2722
2215
3363
494
9791
3015
810
7114
8141
6160
354
5194
4658
6882
9132
4752
9795
2891
1276
5721
9938
1302
6852
6515
3707
9146
3281
4089
737
9866
6671
4037
4276
2471
7980
7980
6240
8083
2651
9282
9986
1995
2550
3613
7518
9999
6478
2098
2966
4020
7755
6164
389
5683
5423
9445
9520
5527
3782
485
3642
4202
6669
7801
2432
7056
4365
3734
178
9117
4252
1330
2142
2463
3572
2824
508
3660
9119
8413
7715
8507
5846
3169
8755
7539
8852
6451
3451
7703
7758
3790
1529
6290
1767
8238
7323
283
2893
5498
3996
5307
8868
5657
7816
2658
8274
7652
366
4348
7673
91
9649
4235
1907
4293
1544
6160
2492
6588
1448
4165
5428
6015
4130
2918
5994
7710
1080
2073
924
1583
8609
2417
1098
8179
2790
418
7028
9455
5332
6008
2254
8891
4371
9981
3786
7988
9077
3353
4823
2554
4225
1223
8260
9377
6237
1313
7199
5423
1320
9286
4701
8841
524
7769
2576
6257
1808
8348
4804
9902
5110
5945
9072
7735
2790
2871
5837
5001
9388
9793
3056
8558
6998
5424
6507
2944
7119
9456
1439
2051
3534
5971
7729
8666
8675
8514
9871
7747
6428
6305
3685
8509
5772
3021
6219
2392
9282
2914
6494
9332
4060
2989
9300
5621
1911
6507
1089
455
8799
7264
6235
384
4064
8287
8604
8102
3895
9640
2791
1512
4813
9703
619
1956
547
7029
2
4423
8668
951
7722
4230
519
5392
2397
1752
4121
9565
9403
3875
9183
8855
9198
353
9570
693
9906
7243
6844
9492
7556
3984
4000
6748
5521
8322
7924
5921
7989
4777
6289
816
3263
9891
8319
6771
6981
5083
3906
4858
997
3905
7480
8409
1734
9678
712
1755
7237
4263
1140
4536
757
8539
8698
5273
8350
7853
5715
2846
3347
7920
940
7535
7253
2520
3478
931
6961
4729
2395
9560
3015
7685
5170
5348
146
2498
9744
6207
7740
957
2805
7125
4619
8476
4193
9458
937
6207
6677
9075
5727
1895
2065
4106
7427
1694
5586
4095
2628
9848
8314
2578
7304
5427
2032
3340
7923
5944
3651
6222
6297
5542
9446
6474
9120
3435
6616
3102
940
9345
4132
9613
3269
9827
5860
3445
1271
7282
8461
5059
3347
3405
1675
8669
7973
1530
2462
1059
9379
2781
7915
4674
7237
3519
6046
4356
8178
3647
5868
7867
5196
4225
3739
2278
1483
8015
935
5608
8715
9009
2661
4437
754
377
6160
6900
7271
6347
8250
2060
8553
7216
6954
2078
3722
9854
9420
8860
6214
2788
9321
5106
7952
3534
4366
8028
3374
10
6575
3522
1599
9255
6178
1505
599
7979
5420
9080
1993
5836
385
2901
