6011
955
9705
282
9240
2338
492
8044
7824
5188
8235
9035
8072
6617
9505
6697
4395
6410
8094
4955
4786
8832
9990
1098
3510
1091
9933
746
1388
9890
326
8474
7355
4439
2700
2234
6627
830
5498
7799
3312
8857
2971
6799
1655
9471
9390
3363
4293
1423
6647
2394
9043
7784
8372
4886
8001
5826
5941
3370
2200
1247
3285
8707
1133
5339
4771
1225
6098
9688
723
2818
8834
5087
8645
7919
2268
5413
5532
7198
1435
9376
4675
476
2410
337
3237
8687
7240
5936
1484
9535
210
37
5160
4178
4849
4839
7114
4054
2495
3354
2812
6256
4155
1264
981
76
682
4505
938
8585
1744
1913
8638
8315
5163
8464
5742
6815
2861
4345
5106
3573
1307
166
242
3543
8937
7217
1088
2489
4976
8698
102
7774
6374
1326
6462
9098
9754
8223
5886
9275
2090
4951
752
9984
9968
7072
2926
2269
8649
157
9155
6377
9668
4138
2346
5760
6049
4608
6512
8493
1125
7238
4490
1544
9851
1517
8139
1608
6545
1208
8073
2229
2085
8301
9945
4208
3011
5843
2778
574
844
2484
482
2614
7861
3319
5393
6546
9462
907
3695
8667
416
3624
5092
1815
9357
6584
6371
454
3711
5568
7719
9797
1959
7450
6902
2440
3813
117
5132
6079
1779
2168
2576
5462
7596
4543
9171
7074
9350
8302
8310
9615
3357
8431
666
7180
3330
4929
9439
4774
4664
3632
4864
5186
751
737
198
2797
9085
8893
2423
7925
3997
4798
1957
7494
5098
7967
463
1642
9198
8798
2580
4059
7004
4536
9788
7883
537
8855
7296
2102
7892
3241
360
5488
9679
1552
7789
3908
9017
5552
3531
826
9982
902
6821
9682
5409
4108
2729
8117
452
5478
3749
4624
4625
7192
1464
8090
4537
7385
2713
795
5210
4115
323
8144
5063
6018
7393
9058
9994
3568
6627
4341
9167
9391
3991
5462
7758
6780
5259
1305
3715
8937
9091
5142
7829
212
6713
5678
1928
6747
3321
2104
7993
3923
4682
3475
303
9798
3267
1423
3083
2130
9534
6784
7166
6809
1224
2325
5604
3362
2222
2005
5946
5772
8417
2165
3750
1946
2607
2445
2024
3108
1399
1801
7267
5970
2297
5557
5989
6003
4459
1173
9092
7432
6851
3495
8357
6475
9106
2858
7345
936
2633
7590
5261
7121
3184
2683
9022
7765
6205
1549
51
8983
3454
2947
2780
4294
7854
6479
5353
217
6032
7248
4194
5086
4759
5543
573
7042
4857
7162
3593
8247
3424
6370
6591
3651
7684
5735
243
5972
3479
9806
3518
2083
253
8858
319
7816
722
1145
8355
8778
4676
5109
1297
5422
4371
762
1363
3754
8401
9649
3460
6533
6804
9033
2976
5097
7969
4780
1521
8351
263
3648
2240
7888
7425
4744
5922
624
1942
6702
8959
5703
1110
3292
4021
199
3558
8053
7093
7202
6736
144
7565
8480
2307
8080
5547
7510
2637
5649
111
4297
7305
1369
3900
1916
4900
3740
2489
559
5172
6558
9281
2514
7011
2079
7040
8182
4347
5057
5731
2739
7561
6414
8621
1229
5001
8644
9405
4643
9530
4221
2816
1930
7229
8949
5970
2735
9787
1055
1167
3621
2708
1549
9545
6557
1176
7702
1096
9056
8293
4022
7227
9454
6557
8004
1785
6090
9541
7715
6565
1446
6638
6500
9723
817
7883
4454
4867
5284
782
4786
1953
330
6258
9119
3933
8233
3567
6763
1324
2807
8450
6786
6455
8899
9658
7213
4648
8436
339
2669
2910
1266
8057
9213
4135
6941
8644
7655
2072
601
407
6595
3202
6401
4799
2742
8860
519
4673
871
6447
8518
749
5104
3907
7596
769
606
6601
6999
1171
6754
7014
1467
3240
4567
7441
9716
3410
8189
2305
6784
2715
7710
4297
8310
720
5309
2684
938
1464
4044
3733
62
5734
1754
5358
750
8053
8541
3556
9167
3353
9252
7488
7121
6708
1540
9251
715
2532
928
825
6103
5615
9446
8820
9436
6375
440
3390
1688
822
6414
484
6147
687
2359
7008
7281
1786
1251
7993
3675
1836
7111
4228
481
5779
1063
5111
7895
4688
7371
512
1954
5139
3694
9859
3442
724
855
2458
2320
5287
1432
7645
3633
3974
9379
1127
3763
6703
7567
9948
1274
1012
6445
6758
4906
9005
5377
403
8030
2399
8455
9842
683
2736
3061
338
3324
7596
2789
7160
5187
3949
7673
9067
2509
765
559
1614
2200
9414
9677
5870
4927
3689
6345
3225
4980
7415
5238
4960
4328
6439
6497
9224
1803
2200
8153
8074
3560
3933
7660
740
5569
3316
5261
9359
5112
8136
5885
7739
3545
395
3731
7523
618
5844
897
1329
7068
2494
4674
4000
2589
8612
9255
5234
2075
4185
7773
2024
6367
2395
163
1701
765
3240
2127
206
8651
9979
1667
3869
5960
8209
2711
7028
3185
76
6207
967
2074
7060
9636
966
8117
9699
6635
3349
6566
8385
1719
9658
3556
3604
4361
521
3757
2364
6622
2084
5051
3436
2782
7797
1260
7965
8847
8890
4052
6653
4772
6304
9003
4896
2633
1572
9074
2573
8103
1655
402
855
8435
6901
1441
2534
6306
5675
9329
6187
1065
1399
9559
6047
9178
6061
3433
1591
7458
6169
6842
145
8440
9085
3674
2493
9010
5379
9536
2835
1880
3037
5890
3611
4596
21
4384
2
2401
7964
8261
867
6660
4437
671
4998
1483
8652
7669
3121
3509
9936
7423
5459
7593
1391
8638
3435
2985
9851
3810
6722
3342
7669
273
541
9108
8571
6730
9306
4104
2571
8494
1748
7217
5838
1545
6115
1539
7144
3572
7348
9635
6618
8994
3728
6940
2701
501
7497
8427
2308
3521
5864
1220
6460
6444
7479
2982
388
6692
991
9811
480
8324
5328
2319
7605
5468
8389
5049
4029
6175
5449
9461
6210
299
8695
8831
7344
5149
5026
6502
4809
9692
9745
7427
9560
4516
6679
5648
2239
5115
5033
871
6817
2796
7614
7666
1787
2791
8881
7682
351
7727
8813
7359
1396
7488
7459
470
1678
9802
5176
9346
612
9544
6370
2870
4918
5356
291
828
17
9123
425
8026
1971
817
418
2453
4206
7636
9932
368
9914
6107
2338
1676
6302
1930
7209
3197
3525
5690
8568
8048
5016
6279
8509
3747
5561
8076
4665
686
7343
2359
2893
544
7289
1446
1771
5032
3970
7569
290
860
2592
8991
5594
3839
1393
7457
2955
4608
3918
7085
5151
6822
1736
1592
4108
6980
6168
2709
7562
1722
3059
5963
848
9809
4563
984
3692
478
9656
1838
3726
3157
5719
8761
1859
8657
5408
1713
9830
8729
9468
1346
8850
6475
6106
2787
9236
6424
2974
4966
74
7912
7019
1355
8046
6783
352
4228
8952
8579
3294
4669
5607
988
5804
9956
6284
8802
8819
8941
496
761
1814
2677
2173
7074
7330
2080
2468
9509
6746
6258
3584
7031
8425
8834
691
9949
7261
6781
9929
829
9088
8940
1200
3052
8461
6150
1605
6069
4674
9492
7769
6504
4271
4341
7261
1674
6168
641
6273
4802
129
1260
6757
1736
617
8955
5801
1436
7551
7239
6376
2282
1789
4660
8022
5570
3894
4601
5879
1632
3546
1253
2769
300
9857
1402
2209
5814
3525
9571
5040
9401
4193
3093
137
810
2105
4594
1217
285
652
3441
9416
4740
8868
1757
5067
2655
8640
2511
8408
1072
3706
5123
6475
1311
5253
1810
1298
6685
1586
1747
8531
8532
610
2569
389
6840
3604
9023
9946
890
5381
4202
5974
957
991
3175
5584
9926
9066
5385
1243
3126
4737
9106
2456
6712
3019
1425
957
437
2739
1632
4907
6832
1487
4946
4245
268
6219
2351
8037
6010
6395
8579
7438
4822
8774
8269
313
2123
8655
5593
6187
5784
1012
5025
7862
2901
9475
3675
8502
7884
6980
4378
6610
2809
2825
3606
5777
5547
9690
6018
9223
2383
8963
414
9758
4995
9585
2853
6453
2921
6621
940
6009
4073
5674
1145
5009
6730
6383
1892
5183
8853
2222
1915
2238
3750
5109
7315
8638
6907
5238
5414
2276
5054
5685
6156
1332
9630
1434
5571
5340
4388
3513
7608
1716
5822
271
3768
8305
8212
2460
9323
1857
7070
3955
749
8605
859
7695
2028
8422
7963
343
2527
8291
1970
2903
579
5797
9273
5219
5382
864
7672
8791
2330
5959
2162
5346
6742
5108
9996
1247
3134
4880
9519
9089
3117
9663
5214
8065
6651
1109
8175
1155
9067
3218
1849
5428
9242
7828
2568
2493
2836
9241
821
6408
9480
8982
9698
8752
6598
7918
9571
6943
6933
2962
6147
4936
8780
8178
7308
652
8356
2568
8774
2641
1113
3625
925
6195
4377
7560
9521
785
7302
1291
3584
9220
4478
3113
1587
835
2537
3270
5640
3456
1355
4368
8354
3591
2612
3659
221
6098
5194
9057
6238
4724
3262
5944
6438
8243
5447
8115
3457
3120
319
9271
2254
7625
3762
1335
6902
5992
3407
5785
3187
6923
8956
6707
2380
1802
9529
8804
678
1555
8415
5216
7071
4681
2343
8650
7435
5884
5311
5029
4377
9130
9997
7741
7056
5132
3045
8360
2527
5568
4617
3010
408
688
529
564
6902
5336
2239
4440
4854
1791
3973
382
2772
4700
7283
110
8416
7409
3759
1822
5211
3954
8629
3664
5070
5748
3474
6443
183
2312
7570
6362
8377
9747
9889
5048
8534
4526
8785
8309
9000
996
9068
8182
6462
4459
5497
610
5113
2060
8799
2802
8689
7695
7654
280
6748
4568
6148
3023
5016
5128
181
257
3399
4437
6294
5751
9411
1880
3005
2364
17
3756
4436
9197
141
7558
3853
7394
6849
6364
607
4221
2567
5343
249
5889
4834
5894
2996
3973
5069
3003
6773
3689
2675
7425
2610
5810
9526
1903
6742
9802
6751
9874
3054
4044
6476
5451
1989
1855
8194
7647
5554
4108
2451
6086
7773
996
6157
9562
1823
7427
4582
6575
3452
7246
1509
1150
5347
781
2099
6829
9776
2607
5703
439
5160
4523
452
9678
4041
3671
8009
8933
1678
8787
8196
2916
1741
9163
4305
5643
9285
9927
5056
6141
6408
1157
6589
4681
8559
8553
6829
5673
6115
9870
3202
7235
5255
3922
8702
9328
1650
6527
6726
9140
2596
8107
7130
7626
5570
5284
6494
5528
2309
5905
8561
2668
4945
8167
3691
1183
7810
250
9265
5294
1723
2033
5177
9177
8212
2997
3811
5742
4803
8604
7319
3014
9050
8863
487
9418
7124
181
5091
4263
8275
7408
7282
1624
6624
9546
7795
2117
6798
970
1760
2408
8390
4520
6380
1342
506
3286
7711
8678
3376
1816
4310
4399
7302
9302
9321
6533
9478
85
6679
958
8017
3782
4296
8778
646
5014
8203
847
3288
9882
5361
936
6345
7792
3938
3595
2437
6274
7241
1620
7130
9230
772
8611
7768
3773
3489
476
7139
2298
2579
2945
2895
827
4610
3358
875
1925
4984
5536
3357
3218
7008
2048
4494
5856
1674
6687
6947
3106
6153
4341
7799
9706
9801
3655
7410
1076
7604
3622
682
600
9959
2004
2408
9015
7398
392
3582
2600
441
5052
509
5318
3634
4556
9970
2320
3444
2145
9237
1189
7192
3710
5111
117
3324
5711
9980
3430
7835
805
3239
4758
7231
9623
8474
2487
661
4182
7350
5455
3401
4248
9892
7357
5501
5119
7235
7340
3160
4537
4636
5183
7526
6572
1149
6591
7743
3065
6557
8322
6560
1753
7587
7734
8466
9830
177
6647
6250
7036
3532
2398
306
1479
7931
1723
4179
9742
5746
5442
7858
1731
4110
633
2233
5063
7412
965
8122
5006
2545
3191
651
5098
8923
4149
9302
5108
3644
4893
7455
20
2448
9712
4315
328
9872
2694
668
7506
9408
9196
5840
3618
3298
4319
203
3164
2715
5574
5335
7267
8316
1440
8734
58
5145
5285
7534
3588
2230
9084
8867
4348
8629
5625
2397
4629
8634
1493
5934
8078
8518
9643
188
92
3522
8707
3210
7160
2633
6906
3980
9574
9796
2461
8950
7480
7075
7275
3463
9165
9239
3088
9791
6555
1993
9734
6791
1203
3230
2073
2323
7948
299
2112
5968
671
994
7427
7151
8236
5985
5188
3121
3644
9575
5657
1369
2500
2409
5625
2887
8259
2293
3513
6471
1902
1090
1626
5824
9887
7434
8610
663
3988
2731
1773
3051
2883
1390
1770
862
5827
3166
8659
9454
7086
4073
5108
2008
1635
3121
4819
8992
9450
6802
4108
7001
8557
4804
9091
6298
8185
6559
410
2765
5520
9034
1909
4627
6597
4491
9130
9712
278
7719
9988
8894
5469
2040
3679
619
6023
8978
378
1196
5477
715
15
7000
6029
5439
8090
9193
6660
3408
5329
8911
3704
4983
1579
8828
4327
9289
7615
9639
3530
5282
6387
7969
2490
5842
1388
2667
9741
5244
1440
4870
1363
3510
1078
7935
1235
4602
7419
9592
2846
8670
2803
2215
8911
2101
8564
2144
1349
3226
6000
1667
4393
7939
2773
212
9156
5558
5000
4854
3583
3753
5487
8686
616
3050
8513
9204
7829
1159
7121
2148
4310
1596
9536
9212
9263
8999
8728
8715
3715
931
4803
3161
9970
1978
5049
2334
9022
3143
8630
3327
2621
3402
3481
7004
4537
2697
6672
9379
5345
1468
1415
5922
6051
9910
425
4190
2034
2878
5608
7514
4081
1226
1738
1414
5975
4618
7585
5076
6854
1709
9689
8262
8202
6483
9551
9739
1667
8054
8106
7258
4320
3509
1643
7772
5065
8357
9489
4671
8272
5715
6043
7828
7896
1273
1803
158
9460
5031
6392
5156
980
3274
2160
9427
7530
8094
9747
8454
3390
686
4772
4116
6273
668
2264
7726
2988
7596
4842
4032
8250
8492
8014
8223
1919
5580
3221
6705
5000
1895
2831
3967
8236
8996
2690
1600
1464
1732
150
7423
3118
3247
5092
4654
4049
507
7937
1553
6849
8530
4273
2062
4710
7616
5067
5692
2012
2675
8464
167
2056
8231
4810
1593
86
4722
4126
2907
9603
6736
1501
9986
2917
6604
7068
2356
3101
5346
3942
8944
3459
9747
7376
3976
5837
1145
9958
9587
6514
9738
7750
4968
8407
7045
4396
2242
7539
2533
2308
8901
5123
4387
7968
7110
6629
8912
3804
6509
129
7142
5634
6417
1646
4272
764
8883
9864
6540
9246
1276
8322
1811
3637
2406
2871
6719
3086
5980
1839
471
9650
5983
2277
5681
5401
5717
3515
8053
3132
5363
149
6968
3711
5866
7876
4570
9129
6135
3799
8008
8994
235
9190
6938
348
9348
9015
6670
4480
8110
3324
2421
6356
7022
402
6908
4053
4174
5758
6164
1154
5697
7236
8076
8635
8815
9193
6965
5124
7485
4196
281
2249
4726
3920
7189
903
5527
8854
9756
411
2538
1898
1764
7897
2803
5565
8876
5237
3693
6560
8169
6974
9263
1206
7921
5867
5908
8894
5240
1608
5725
3701
5400
547
4891
4377
3529
5318
415
6130
8633
7338
9971
4241
2862
4870
1626
4109
4410
7374
4256
4629
4839
1891
659
9314
6442
6125
8989
309
676
7128
9096
7152
9628
6673
5282
6651
432
3034
378
8879
3575
5992
4529
193
5401
2592
4058
3592
6713
6397
7500
6776
4815
8007
7001
2721
1190
8855
5486
9375
8023
3208
1149
6828
4087
1374
5657
4186
100
9189
1588
8083
1642
522
1606
9294
4240
925
1308
2434
7420
844
9375
7927
6136
7266
331
3563
1539
4266
1216
209
5400
2990
6949
8332
5531
5673
8202
4232
3171
1208
7154
6314
4955
7837
4701
8461
6446
6191
7578
8764
2189
6349
6405
4844
2501
5574
8593
4780
706
381
5556
9195
3905
9876
1416
6689
8269
2177
3270
7441
2329
5518
3730
3485
1431
3711
1268
9641
1458
1202
3180
5931
9714
8414
9971
7666
7245
8063
8489
1863
7680
9299
9243
8781
1897
3932
2652
8349
3974
1901
5214
7755
1344
1602
7129
8780
6105
2773
9961
7344
1812
4250
1142
641
8145
6806
2564
200
8236
582
4265
8484
8724
2011
2431
886
899
8707
3460
4588
2717
4399
6623
9364
5803
8985
9472
4505
8273
72
1052
6950
8838
2060
5874
4142
6681
3809
621
140
3689
8196
6478
914
9243
4909
6007
4534
3658
9613
6385
657
3249
4975
9800
397
9351
6448
1043
1636
6501
3048
9086
7317
2577
1113
2804
4229
5370
6586
5053
4694
1484
1376
1310
7697
132
3209
8578
1976
1521
5565
1834
2131
2004
7507
7653
593
268
6169
1734
2087
9193
2809
2211
7891
1178
4399
542
6809
9588
2427
9329
7471
3497
8112
6695
176
8185
7355
2756
5157
2692
6136
4850
5672
7199
8620
7938
4772
7488
4277
3164
2731
6364
8219
1234
2996
1724
5273
8944
1
1
6147
9352
2761
5512
5352
9342
4036
3586
8159
5365
5346
4661
5255
8071
8768
8046
5361
6873
9923
4260
2406
56
5321
7752
4032
9935
3461
6100
5648
4887
8112
4508
8213
6651
8743
5326
4904
3721
983
9599
6621
5393
2394
2357
4246
5522
2645
9370
722
5201
950
1864
2034
2230
8423
6407
1329
4222
6548
4999
5000
2287
1662
1141
608
5957
7783
6004
6422
110
8411
2296
5461
4095
6970
8504
1324
4013
8058
7626
3793
1175
9870
88
1488
3439
6167
6155
1075
6611
6172
4781
3775
5891
7448
7693
7498
3323
307
8056
4332
9312
5652
3621
2387
1082
5346
8498
4988
9231
4872
8922
9895
5660
4491
4352
9224
4629
7428
2016
1250
9321
9605
2972
4682
4968
2410
2142
7109
8028
1034
8941
5820
4373
7585
5651
3251
8244
6471
6550
2946
4907
7497
6636
4474
2492
8447
2672
5104
8599
9009
5755
3070
2644
1718
5022
8345
3889
513
8729
322
1465
9522
5763
3539
6307
7882
2513
3715
8948
7074
454
7544
6541
2412
3969
7229
981
7006
3311
9520
5586
8092
7277
5878
8024
5399
8451
9772
5460
5471
7747
9294
1280
5988
5300
1434
250
4282
1440
5144
572
9998
2966
7034
8282
5247
3391
1288
9781
2417
3417
9645
8558
6765
6900
8984
9471
7590
1119
7822
5249
7000
7660
1801
230
6384
9304
1181
9484
1490
2367
9813
6179
2563
8147
9605
2731
7780
3759
1945
8578
4916
6561
3652
9097
4780
5824
8373
1152
3943
8880
9920
5976
9246
8181
8067
3986
1862
9083
9359
3564
1626
767
8
4861
4882
5239
2435
5146
1061
2532
6619
8376
8057
4116
6222
4945
6196
3730
1240
5663
117
342
7198
8853
8568
7508
7603
6201
2303
7776
3505
2630
5912
3791
8571
8917
849
4931
4836
1777
4240
8558
4143
2254
5059
1490
4359
9368
422
1534
8695
9626
8372
3281
590
4468
8008
8982
3668
309
1312
9727
9905
5773
9641
5806
8495
119
624
8774
6090
6401
8843
6044
434
5311
9894
8601
8956
1805
4158
6470
8501
5320
6078
8396
7756
7152
1546
4097
5678
9619
2471
8013
5630
4163
1515
6067
2280
5982
7686
8186
7228
6153
9383
1736
7125
2232
1968
973
7041
4352
3014
9790
4208
3829
5415
6986
8966
8199
5928
2735
4260
6699
943
9459
1126
4454
5286
7961
4272
1574
4917
1477
2827
8483
1282
4826
5797
3194
5326
4340
3210
7278
5046
5088
821
2360
1100
5833
2881
2905
1234
5996
2374
5998
4571
3244
5612
3723
9740
5356
9955
8895
8810
469
5151
6169
6412
1151
7413
6546
5464
930
6303
841
1181
6058
5925
1192
1571
9584
4828
2179
6629
5903
6410
146
7180
86
3679
5477
4848
5896
9930
5941
8749
2186
5149
6169
4295
687
9009
3676
2642
3282
7126
5911
564
3202
9093
3674
3720
5328
8820
1226
6549
9091
9802
3247
6557
9611
4261
5613
323
3367
8457
6797
2766
1439
6137
2844
7184
7780
7359
5484
8991
7521
9997
2643
4402
1962
3428
2048
3178
3366
3670
7263
3527
6804
1227
4083
5886
3310
8308
4944
4855
234
627
6571
3071
6597
9329
2630
5810
7416
9656
5971
527
9713
2704
4395
5845
7390
9946
855
939
9883
3244
5676
4555
2325
7049
5481
897
7671
6766
3001
6875
788
7464
2490
8742
9211
9151
8957
9029
9216
6390
1258
6066
1616
998
9830
3816
2853
7670
4000
9917
4999
6531
9742
2131
1712
6580
7912
499
7985
1881
6260
2524
2169
3304
3456
9960
4680
5813
7287
8778
2974
4683
6753
2021
1778
7049
8888
1139
2683
1311
6206
2359
3342
2924
8940
9083
7352
4590
7315
9897
5504
2739
8942
4330
3204
6166
7176
9289
5021
5314
9246
4883
4649
944
1019
1855
6389
9717
1338
6257
1812
2535
8157
4849
6328
7973
8384
2340
1897
229
8647
8635
5137
2465
325
1387
21
4911
1091
8080
3754
1286
9513
9298
9978
2790
3889
6565
6195
4851
6387
911
5990
1134
2384
9806
3745
8438
7104
3568
7899
947
6756
3845
4847
4425
3157
3282
7492
4406
2309
7495
2521
5269
4718
9217
7334
2253
5524
1169
6508
8272
4040
764
1846
3818
1812
4381
7461
9763
7596
6626
3437
2117
8975
7548
3719
9536
4544
1167
5983
1685
6817
880
8939
7975
7875
6454
7820
8861
9371
8902
7548
4780
7006
674
9315
9343
9345
4690
537
2730
6689
6393
719
7513
2829
6495
3709
7240
4663
2901
962
1433
9037
6812
2545
622
2208
4349
5300
7206
3590
127
6645
2437
8149
2703
1884
9764
6539
2884
845
719
4232
3391
7584
5891
599
5558
140
1809
1736
237
7441
5605
9952
1369
4437
6943
6348
7433
2096
1072
8978
7518
7230
7240
9109
4187
6999
8673
5298
9937
1781
4107
8736
9089
7816
3798
8511
6013
7167
3828
7124
8356
5930
6611
9876
1711
1826
2089
1228
9836
8471
2771
56
9003
3632
6355
1456
7061
4971
8529
1340
8047
2683
5261
7846
4068
7491
4860
8313
4536
5526
291
7627
9787
4949
1492
7372
2297
9791
6142
4431
487
2130
4793
562
5395
1448
8111
7
3716
5560
4873
8679
4613
7049
6522
8241
5647
199
7515
1228
6105
5620
621
1064
6604
6375
270
3853
2056
8893
649
9499
615
7735
979
9721
9232
4088
647
8508
2503
6638
6004
4964
5513
4895
7282
9685
8813
1985
4143
3544
6299
7702
4388
6279
5076
8730
4458
6182
6325
2654
7587
7799
2851
6125
4762
9335
3122
5246
7152
567
9952
4142
9711
5925
7542
7700
880
9421
7361
836
5995
3095
9808
6609
2892
6144
1235
5699
3801
1424
4305
9537
185
571
2820
9778
5880
2129
9985
9796
4587
4266
8226
2054
6581
5591
31
2951
4618
769
3462
2681
5149
3648
4012
9905
2834
1879
4701
4236
6968
185
9362
9419
1908
2337
8860
9569
4579
495
438
5626
997
1342
3089
8475
1078
7269
5006
2623
9603
9458
371
1497
3315
4636
2596
4569
2460
3213
2481
8641
9262
7011
8023
3456
8786
2818
2133
9447
7358
4121
7752
4455
1555
4277
558
624
6431
3894
4901
2273
6914
2325
364
163
1158
6912
3464
3243
2423
8739
1301
8250
7267
706
3745
1475
19
6529
3788
241
7677
6665
5606
4666
8822
8286
9577
4897
1879
9875
863
7650
1827
1387
3000
7980
1790
4128
6988
8015
3542
1338
2898
545
3738
6365
5832
6082
6838
3028
9559
3280
2318
9129
1317
7877
8471
6918
1620
6965
9703
3467
6936
1501
3209
7633
9769
9306
2807
9667
3586
6057
8514
7671
5207
907
7561
9193
9846
2202
622
4875
1113
5965
3682
3259
2296
9922
4587
4623
8476
1591
2639
7006
3028
2250
9166
3684
7372
5399
5172
3496
2704
2058
7586
928
1530
9164
7383
4188
3683
9278
3806
1104
3675
576
1225
4360
3780
9553
5853
163
4542
2745
5381
6005
8588
1146
9246
4506
6571
2754
5906
2208
3829
9269
2505
7229
3387
1737
8115
4012
310
2644
1987
7667
9581
406
1212
6060
7264
973
2611
1943
897
3220
5451
2044
8189
758
9691
6334
3728
9670
9669
7748
1498
5436
8468
9814
7958
8835
8631
2640
8533
3318
3457
7109
598
7483
3184
3993
8909
62
364
4864
396
1507
6864
977
1679
16
2162
5682
4837
2764
9519
286
584
2175
6515
1130
9493
5655
8954
5423
6150
3943
5878
379
2968
913
8451
919
3028
6463
4922
2200
3583
7940
973
6979
4814
3414
4065
6229
1384
6118
8256
4059
6432
7379
8300
4331
7996
8407
7416
1924
2341
4353
8205
4009
7011
2562
2229
2238
7007
3847
4852
2976
9508
2872
7797
47
8698
7089
9425
9559
2339
68
6693
3244
5020
4182
2766
8882
4942
8264
1326
4323
761
7047
735
9408
6560
2284
2701
5016
2662
3123
360
9
351
5247
9431
1968
5370
4113
1777
5735
9087
3599
3429
6026
3457
2734
4557
5893
2400
7155
1383
8953
3481
3352
7357
3814
513
1010
7600
5364
6437
2371
3984
8157
991
6052
6386
8656
339
2446
2883
7213
1328
2884
9262
1888
4225
1587
6990
1457
3820
3747
5098
8718
2709
1386
191
5483
5676
5589
5583
6574
4743
9548
6265
4603
1004
4222
2042
8007
1455
675
9161
3238
1276
9420
9641
5558
1518
1071
6361
160
7702
8105
84
618
2811
2627
9872
6347
6695
7890
8111
5080
3325
839
2907
8779
1355
7030
1340
2019
2135
6888
7810
7044
4131
7897
3671
8960
1408
2093
1579
9935
4335
8451
6083
8771
31
88
2495
4566
8335
6484
1630
1834
1003
5569
7304
2150
3793
8782
7860
1110
1112
515
5392
8545
3525
9961
8077
4459
5392
4978
9658
1191
2280
9020
6770
5362
1899
790
9532
5024
8591
7197
7226
5410
1168
9918
9659
6078
5276
8914
6820
7683
152
4340
4177
7647
7508
5676
2395
4103
2996
7414
6886
999
9386
1028
3042
5986
6597
4643
5383
3526
3878
6577
4237
298
6148
9523
2610
3029
2939
5833
6317
9324
8946
1339
8191
4550
7830
6424
3334
7781
9027
7833
1864
8737
4186
3787
1621
8028
2345
6149
1212
9107
9979
9198
9139
8494
971
7182
5480
8947
5436
5785
350
4404
2611
7522
8224
4528
9785
4840
8923
537
9302
3785
2765
5600
9233
2016
4331
7218
9415
3537
4127
7506
6855
5287
8075
8644
7001
7750
3554
9952
4649
3175
1389
665
3082
4261
2430
4655
314
6332
1881
3925
8011
9397
1951
9018
9830
9886
6873
9817
4764
2448
7368
7994
7064
5561
6962
3096
3187
5215
7923
5086
8008
4069
2921
4168
7529
3887
8415
8767
3895
4308
2439
4128
8015
590
6489
9084
948
5990
98
4242
7818
6978
2173
8209
1934
76
9215
1703
4079
1057
1284
8450
8188
4497
3833
5472
6011
789
3727
5453
7160
7183
8190
2297
9768
2545
7959
322
4535
6786
5761
3085
693
1786
9107
9100
5233
678
5241
6672
5140
3687
649
9194
266
4575
7836
1272
7187
524
5706
6518
7635
3372
9179
5598
6764
2071
9903
659
1790
3782
8087
3507
9900
795
3426
2525
1701
7713
6337
7030
3281
5636
1429
3046
4574
3137
7518
7862
5354
8613
7380
7095
3816
5981
9692
8313
7356
980
1558
8598
9141
6586
2191
9993
64
385
9677
7386
1677
4963
5135
788
4568
3830
3250
8706
4388
2063
2196
7643
9469
3389
9530
3801
205
6180
1570
8369
7296
6713
2065
5446
9161
368
7058
9162
5838
1278
5202
3515
6283
8474
3071
4684
5695
51
9493
6758
8
9823
460
2326
9569
3356
6864
246
7633
3282
6580
7579
8977
8589
2265
1643
8269
2053
3316
6886
6217
5973
6888
784
1912
7545
6219
7517
3645
2106
1098
1952
9370
646
3861
4387
1245
9480
9427
5385
492
3689
5794
5139
3495
5127
9697
1347
8084
5050
5744
5784
8875
4871
1372
2919
1031
8920
6634
6338
8590
8607
2336
3703
2085
3099
161
283
2008
582
2502
4046
5842
1431
5597
9336
5490
1407
6276
18
4949
60
2266
6615
2378
8233
2927
5841
8847
280
942
9670
6738
4273
6844
3969
5420
9783
4929
4514
2945
6701
3669
6592
7436
8685
39
4214
5156
1053
2819
7055
9397
4741
9422
7818
1561
8682
5348
4316
1018
8064
1892
7531
5619
794
9320
9766
2594
2125
4077
4244
4968
8813
9971
4982
7261
3058
1898
8213
6265
3292
3248
1235
5617
4969
6781
338
1618
5565
3412
2899
5609
9606
4642
8338
8661
167
8444
9732
270
6622
7024
5045
6059
9383
3021
9916
5290
590
771
9854
9631
3675
2132
1771
732
1633
6782
9433
2641
3627
864
5610
7253
9346
3200
4735
2881
4875
2683
8545
695
2298
9728
9766
3580
9538
3952
907
27
721
9932
6343
1706
2164
6605
3709
7202
1323
3437
2652
9778
4345
2064
4099
256
2292
2145
2852
7378
5479
6261
3988
1958
2629
4611
4643
8898
7217
2911
6034
1053
6414
1294
9747
1682
9051
7952
508
3555
1504
8011
2454
2112
8943
2637
7224
289
9401
5422
6560
7818
3705
6172
7401
8213
466
1419
1640
4751
7058
2563
9422
8179
297
8356
8328
1454
7695
9325
2290
7614
6003
1969
6590
3982
267
2106
778
2900
7512
632
8846
1893
4090
9190
4443
2904
8644
5536
8680
9167
6479
3521
8390
3666
6022
1148
7681
409
1170
1841
3611
8008
9264
5730
156
7043
1002
5426
5532
1343
4843
6377
9708
6696
8702
2478
5070
3404
1733
3466
6767
415
1178
1394
5973
5540
6762
91
6654
3086
5171
9465
8501
9265
9018
628
4099
6419
126
1896
6642
5837
658
7929
2075
2805
3733
6663
4858
4051
7043
3454
6346
5153
5107
3382
8569
2413
8600
3990
8169
1876
8548
7593
1358
5002
5834
833
7595
1099
5007
6894
799
9996
6558
9844
6769
1520
7012
6751
3268
469
1679
5439
9382
2873
1535
7728
6613
7838
8649
9074
7962
3727
4736
5437
9555
9748
539
2242
4795
2807
505
7057
1909
2894
1475
3281
3100
8328
5083
13
2476
6707
6120
9367
1964
3433
7653
5595
6933
3758
6422
3957
5399
2131
6436
1918
8077
956
5703
6719
2901
4021
9991
6980
106
2401
3907
5163
272
9724
8090
4333
1512
148
3591
1693
5437
5646
9410
9397
8897
1670
9554
8759
9651
2919
5140
374
5248
8592
255
3186
4230
6944
1501
3005
1344
3435
6600
4136
4921
13
3186
2443
8371
1892
4164
4370
1507
519
3340
5469
6212
6644
7291
6827
2404
55
4233
9847
9410
9868
4175
1453
2538
9768
7109
8554
1664
8762
4856
3337
4653
1486
9319
9446
378
6936
9689
1159
4745
6904
2235
9988
5538
9179
8918
4468
3391
1309
9960
4424
9319
4254
468
5158
8576
3948
9596
1748
4780
2280
5572
6364
6985
805
3446
8463
4561
4918
9354
7331
4827
3369
9526
8683
5730
9977
9815
5458
6839
2568
616
3545
407
4420
7455
619
2779
8366
3189
669
3587
5004
3256
5115
3112
2843
9370
775
20
9732
3782
4629
2888
5899
3443
5121
140
4576
1599
5771
2619
4879
428
5468
3667
7343
6286
5350
7466
5990
1974
1597
6014
6697
2704
6601
1422
6855
1972
9473
8300
5576
585
37
1916
2215
3648
6588
2396
5531
4211
9576
1267
3515
675
9322
8551
560
1145
6868
5287
4937
5897
4994
4711
1152
7730
329
6977
8335
4446
7934
7286
8006
4308
2308
1306
2965
7811
6011
3707
2959
1135
7006
4174
614
7065
3554
5478
1343
2128
9848
309
9508
2012
2237
9321
8007
9383
3350
9795
3181
8625
8859
2765
812
6506
6507
4641
2155
6263
2336
7145
4076
2857
6098
4954
5497
3203
4279
6151
5895
401
4054
7880
3345
9744
2269
4788
9354
1869
8858
5668
9751
7431
7736
8395
3822
3634
2179
5368
2847
721
9625
1470
5008
2312
6991
9886
818
3423
6538
2597
3041
6071
5990
2386
1945
2721
918
9334
9651
3254
3886
4829
2437
3183
6211
7613
4717
3776
914
427
5538
5221
29
9532
2447
2248
7983
4293
3068
2050
3378
5024
9822
5517
7020
9001
3215
24
6387
6025
9793
5063
8193
7586
3081
3665
1930
4053
5809
5632
3082
4111
9600
3432
3036
6526
7020
5944
9699
7251
6533
5839
5954
4358
1837
2343
2048
9512
8061
5641
7667
14
5742
4464
1662
1559
2128
2006
8853
198
9453
2474
3957
8017
539
3036
8381
7324
4252
3120
3624
1038
626
5607
8208
8455
8914
8860
2086
4487
2327
7680
7212
3780
3174
5068
3779
3794
7521
6514
7183
2192
7753
7496
2897
9478
2910
6390
3719
4361
483
4491
6673
7139
6122
8888
1074
3494
2226
2183
3574
4385
6346
6368
6515
8993
3541
2274
2767
6108
9338
4314
9819
5769
715
4351
5176
5696
8669
7183
2480
8474
9157
369
3355
2410
5958
9392
5149
7693
5908
1346
5600
4448
7681
6730
1591
701
2860
5289
6120
65
8565
4460
4147
1792
4841
4453
2852
3398
5068
4437
2625
1053
2973
8557
5513
6991
2493
7716
1298
7311
5928
9786
8608
6509
4252
1087
9066
6556
3722
5758
4532
56
6254
8112
4911
4488
7631
2963
5870
1028
5402
9296
2875
5536
4351
1795
5234
7423
7398
8072
5788
4659
7445
4349
2526
8446
903
3588
2248
2625
3710
2785
9276
2826
9823
4431
4463
2134
1289
9635
6359
1640
2059
5150
4037
9033
5891
4753
4020
5431
6716
1534
2240
3401
6955
8388
843
3514
1757
8057
7200
2961
8818
7036
9910
5855
4727
2615
449
953
6100
5346
6512
8594
6468
8419
3969
1790
7391
8418
7057
2866
1507
6812
6690
7944
3075
1343
9200
3612
8536
1134
3170
4574
1157
6050
6989
2198
6326
206
9538
4420
3776
7224
3963
6058
6415
8068
7294
4596
6066
9068
4721
7605
7307
3885
6657
6966
5815
9782
4637
325
2524
49
2785
7144
7947
6475
5749
7533
5311
8271
6828
1539
8946
6884
1434
3503
9528
7452
6019
954
5001
5311
2333
4602
1526
2769
4219
1941
4294
632
7010
7754
3585
6914
7409
3130
6608
3794
9452
880
1980
3862
9209
8912
7639
2912
816
8906
8472
4679
396
9268
9368
6420
1676
5551
7501
2366
3972
3968
7568
8189
957
6303
4591
3905
7390
854
3067
4814
7004
6130
6452
5256
635
7398
7549
4805
3326
6986
5183
5007
8194
6983
3448
5622
5241
5143
1798
9066
2241
3495
1872
958
2345
6339
4841
2404
9908
8334
8258
8686
3160
9566
9578
2609
4522
5840
65
5282
2473
1855
1614
8002
8294
2622
5115
6317
1524
518
4100
8446
2420
1068
5893
7908
3698
6143
2001
7891
711
6979
5568
6913
9567
7532
1265
4285
1228
4183
2193
6310
1565
2321
5487
7457
7147
433
5637
8514
4874
5187
4329
5854
8430
3463
5627
4558
6281
1370
5463
9662
4197
2958
4838
8628
1137
7591
4521
315
7058
3133
7495
8828
2221
3154
2933
3822
7053
9802
5148
3583
235
7800
4900
2447
1509
4455
9543
3632
6731
161
9872
186
3134
913
4255
1091
2472
2369
404
1965
5389
2486
7816
2934
8027
3601
3820
4925
9900
8982
2464
2263
8040
9934
2280
8036
8145
9295
7957
349
8044
3716
9664
1996
9522
8893
4208
3048
8100
7283
7874
3093
3822
9638
2803
3741
2516
3999
2731
7087
2033
6820
4817
8326
2011
2910
5112
6821
1882
2270
9722
4715
3984
7182
2396
6987
3486
2099
9931
714
2117
7205
4064
6800
2549
7130
1942
9494
1133
1774
4279
583
5313
9251
9257
61
1117
3774
1689
1052
7811
2147
3327
3455
108
7785
6225
1637
981
8378
6272
7950
1824
7220
7267
1347
352
5495
8687
4685
6082
5126
9462
8946
5757
2337
9078
1858
6860
3422
1821
3263
8166
627
2090
3645
1663
9521
323
2
5046
1899
9233
8005
6713
8899
7806
6257
4288
6814
7975
5930
8622
5788
7248
2209
3108
6820
9734
4329
327
2496
4310
2301
8104
7227
6282
6182
5662
8669
8267
289
7467
7799
2548
2201
5773
704
1706
8157
6442
615
1006
2138
2437
6272
4801
7465
2140
1338
2182
8688
6200
8524
5869
4516
3745
7739
8866
2523
3116
4659
6929
3428
5879
3393
4946
1937
1505
1249
6738
4218
7969
5351
2058
1505
7076
4704
7276
3889
3675
1892
1908
3098
6625
3470
9186
6994
387
9161
6509
6942
8994
133
6115
2588
3039
6472
2174
2457
9432
7147
7975
8511
7940
8989
3663
7269
2146
2264
529
5997
4784
2398
2561
4123
1965
3632
5287
1203
8336
8745
3303
8610
6331
8637
7364
6209
607
9150
7724
253
1508
671
856
793
1568
355
8305
7945
6976
2870
2436
2469
2918
6216
9466
2573
1576
3003
5097
8978
1083
2577
2543
7752
5385
9039
888
2777
7020
4113
2382
5518
3680
4261
3989
7170
3951
6716
5630
194
1392
2621
3299
8871
8143
5426
19
3030
1990
8649
8168
3164
3708
3058
1833
50
7006
8917
4732
5482
8181
1008
8326
9199
2225
7264
9903
9534
2605
5125
1587
2700
5357
7138
4025
8053
8207
3478
4306
5011
2448
2892
9881
8032
1422
792
6009
5378
5190
2396
8965
5798
1138
858
5091
9090
4922
5999
636
5629
4502
308
8210
5778
1695
3376
6488
7543
2867
8651
2640
9783
5818
1576
3291
4615
691
8510
2266
9095
9025
2861
3783
1947
3458
3317
5019
9694
8715
2483
9300
9506
9493
3179
9195
1293
590
4484
4139
6485
8122
504
5498
5571
4719
3239
2721
6563
4151
233
5974
8250
341
6123
5399
9480
4526
8665
3145
1911
5898
3634
8172
760
244
2237
3201
9292
9422
7218
3515
8644
910
8300
2686
8986
1170
9792
2776
5732
1808
7828
6917
4180
7125
4844
4055
9952
4283
7668
4935
7750
161
3531
8726
6534
13
265
7592
4197
6817
1919
1239
4941
4351
9991
6113
6432
9867
2006
7591
132
8798
9135
5849
4746
2408
1888
7279
3822
4955
1804
2882
8839
5989
8137
3908
5425
9943
2725
3384
863
5548
6241
7460
8417
1247
9042
5536
7620
6665
1368
4286
7025
3992
9779
6198
9993
189
5700
6180
1317
163
4107
4747
4032
4212
8771
9845
4121
8663
2855
2306
4077
5860
3546
1538
4000
1962
1759
3649
5160
9562
4826
5484
2390
8914
5181
6611
2130
8438
6752
1516
5516
448
1785
7933
7441
3304
600
3909
7581
4454
7002
1820
6006
3054
9308
5050
2109
5696
7867
55
9062
8887
2545
3070
6644
3085
9890
7714
6893
5823
6876
3350
299
7873
3688
4228
6475
5083
8171
6133
8312
5424
5353
7863
795
9081
8654
1413
7658
7083
1552
9780
9426
4264
5542
5858
5490
7172
3149
3058
2859
7408
8896
5072
6561
4834
3790
1004
6468
2349
8038
5516
384
8318
549
9728
439
9381
66
607
1194
2555
5870
8577
4239
3598
68
9565
9035
373
5009
6223
2399
4965
1086
1851
1623
1954
1250
3211
7507
349
9665
9808
5104
9499
3503
7559
5153
5225
6457
2249
9349
6528
8945
4791
1754
4805
4181
5314
8899
6775
2408
1069
4826
40
2349
1062
4518
4432
9027
6162
2706
2455
8995
3424
5234
5938
5676
5245
8039
2345
1353
1445
2525
7199
7516
5264
4582
6224
96
3681
1606
2146
9751
3029
2914
3566
3244
1223
5365
4753
9596
2295
8931
8495
8305
7110
410
1579
2163
611
59
625
3942
10
6304
3894
5561
3386
390
3858
1802
5663
9797
2560
7301
7981
2909
9817
6093
2449
6699
7450
1252
5841
2860
2977
9459
4927
9137
7009
6914
4416
7385
5433
2990
3074
8533
2862
2437
1989
3700
780
2107
6681
9717
9962
2550
6507
3224
7945
6362
6876
1290
1077
3362
4910
9990
6075
6546
4996
9965
6041
7756
847
8228
7629
8614
1527
425
6446
6382
129
1386
6423
8875
1628
1294
4461
6601
2642
549
4477
6135
5408
8987
8770
5805
8494
7796
3032
9062
8823
2041
7915
4851
877
2702
2050
2385
6286
8713
8141
7394
4771
6772
7774
2007
9952
5267
904
7592
5152
7942
3449
1963
8963
3933
264
6733
6443
9788
1370
2612
8009
3927
611
2440
6140
5131
3377
927
3417
4577
7420
5713
8018
6422
3293
1183
3525
5880
5884
9998
9968
5401
225
1866
5372
216
9561
4705
6392
9029
858
953
6589
8941
8425
2472
2798
7907
2040
8895
1884
3107
593
6604
3746
942
6990
6393
2547
3133
4115
6105
146
7943
178
9826
2324
3949
7026
469
5026
9220
3236
7567
8622
8863
7694
1944
4883
2067
3163
5039
2306
4584
8790
5889
4106
1862
7923
3801
5293
4874
8169
7051
63
8200
5838
9408
2704
6896
5583
3484
7414
9927
7107
5991
3458
1801
1623
1419
5698
3227
142
1669
5183
4083
2943
3700
4762
2659
7779
3555
3293
2336
5769
2993
3999
8987
7972
949
763
2128
5188
5889
3116
8651
8116
9850
6252
5183
2314
2082
7998
1264
5988
3450
5595
9687
636
3253
416
7104
5464
8470
8259
6450
4862
62
1204
8207
9704
9395
8289
6959
8392
2032
6619
2615
9739
4499
8810
545
4055
9082
6169
9680
2695
7592
3556
686
3911
478
7564
1377
5149
4082
7298
5760
3163
8124
2240
7910
4666
396
9854
5778
9228
858
3631
9522
1243
7764
8846
4431
2662
5167
9415
4122
6650
2454
4216
5305
299
4796
6049
4415
9411
4391
6468
2925
5498
5855
1837
7827
1865
6901
3227
1073
1029
2819
5694
5876
8703
7868
3049
622
7516
4334
291
3086
4597
8353
7079
5900
1710
5097
3534
9089
4009
5697
548
9991
8525
2673
8675
9677
7209
7465
2189
3571
6262
5955
5531
5718
7233
2402
2980
8470
4959
4128
6785
218
6312
9292
8729
5177
4855
7725
9073
7881
4790
2295
5879
4586
435
9625
4816
4540
9284
4916
1693
5430
5256
379
4481
5329
531
9957
2491
8072
5513
6269
1803
4302
4345
1287
8180
2049
1896
4316
2017
5815
1304
528
2824
3312
5979
8371
5641
3695
5590
5012
4678
3949
4551
5398
8237
7738
9503
5714
3525
2943
4745
6064
1590
5347
4158
6900
4519
5776
3073
7169
6887
4420
8766
9350
2216
9003
2810
8911
8611
240
3250
817
8134
6415
8837
8615
8082
6285
5650
7188
67
9107
7636
7485
9554
991
4490
7693
3214
5525
2716
9217
4581
1330
5202
9396
3202
101
5152
3721
1846
3171
7578
6604
1804
8796
5449
6309
514
1659
7728
4660
8581
7740
1276
3486
2275
3824
1454
7865
7013
6689
6599
4357
5847
7671
4082
6189
5676
264
9001
6913
9842
5824
4421
768
6161
9093
7915
7698
5690
6708
5129
6467
8441
3068
7794
2065
6237
9735
2858
9045
3147
8338
7109
9077
9863
7888
7796
9258
2539
2002
2259
3677
674
7551
4284
4599
4395
1201
1224
6201
6234
2021
779
2265
8947
8980
3853
6993
9655
6521
7315
1965
2890
3917
6138
1996
6203
8540
9533
689
3053
7479
2404
7933
462
9906
4116
4547
2195
3358
2983
4747
9763
2429
8075
5377
6159
914
7978
4730
7054
2588
8894
7419
8624
8068
3792
8541
278
4171
2286
1309
167
9501
9949
4318
9166
9466
7743
5426
2204
105
3204
2118
4431
9119
1295
2475
5770
4297
530
7644
4688
485
2427
6552
3621
329
5013
3129
4826
8450
6446
3426
5205
3685
1866
3284
1403
6290
8520
4707
9155
8114
831
7320
8366
8469
165
4441
8617
5939
4540
381
9331
7847
5345
4531
7009
2729
4713
8895
171
2271
2171
9139
2087
3959
8794
2944
1510
1599
3269
2321
8955
1041
2532
8819
6321
2323
7688
1305
3413
8285
5161
1677
79
1897
4256
6090
6286
708
4080
351
8016
5535
749
8628
3392
1175
8325
3864
7055
4026
5616
1557
8216
1587
1986
4316
126
624
343
758
7588
2185
2242
5297
3038
2058
1554
996
9253
1836
7755
3690
4698
3372
8418
3201
9413
6781
8131
5047
834
5985
7175
9986
9183
2152
1907
6636
3477
6772
1485
6439
7379
3457
6662
6215
7371
956
9814
4741
6940
5868
9109
6526
3614
960
9315
6712
9938
2565
8427
7164
593
5575
4127
1763
3462
6346
4820
1471
749
5855
7814
3304
5452
435
9774
9175
5707
6228
3807
2460
889
4055
4252
9045
5233
5492
4470
6484
2454
551
6575
8634
9620
1986
4932
658
3728
6172
5850
4288
1054
6841
9284
8218
895
4554
9221
355
8080
6137
92
4856
7365
893
4992
9967
5489
9836
9960
4889
769
675
286
6645
1357
2766
3080
6124
8277
8789
3734
8647
3083
9215
2571
2088
2112
6685
2297
8697
5349
6951
3283
6405
3785
4182
7972
818
8428
9637
734
8653
1229
8683
5548
1332
6972
4703
3768
9331
1923
7564
592
9881
836
5312
3207
9034
2737
4558
4450
8419
458
2689
8256
6487
9953
132
3944
9280
185
2655
6432
1873
3379
2652
6534
5835
2928
348
467
8519
3478
4724
1867
46
2996
8257
6972
359
9624
5106
457
6071
306
6688
6202
3076
4746
3974
7335
46
9949
5880
5108
8790
4883
5574
5900
2492
1685
4355
352
5465
4422
5390
9651
1458
2161
2214
657
1502
7116
486
2508
9362
3423
3829
1332
9492
3440
5439
461
7257
5141
909
9013
3506
3607
5250
6614
2734
9344
3544
3162
807
6831
6627
8191
3118
4074
1117
6138
9539
4945
661
8928
7963
3825
4977
8581
1133
7743
7213
1273
496
1491
1082
5954
9721
859
6642
1530
8993
5039
7878
4669
8322
298
3407
104
5566
9663
8766
7497
412
5951
752
9581
8434
4723
8311
2333
3002
3232
1814
1674
3247
5425
2030
54
3518
3181
9080
2665
7145
8561
2285
2473
5591
1388
8401
1446
7601
1269
8114
3647
3064
9212
4201
9097
8749
8072
6158
2073
4982
3704
3895
9705
1271
643
2344
5053
3338
5790
9976
1301
8802
9707
5067
6867
9756
9852
1170
4394
294
6221
1930
4984
4606
946
5750
3690
3063
8986
7615
9336
349
8224
7623
8562
3604
7767
4424
7745
2579
614
9504
5928
4145
7615
9275
6386
4816
9907
9568
4470
4978
7847
6597
2433
4897
2815
5339
6552
1145
9879
9293
625
8577
6576
3901
1975
5017
2429
9670
3578
8506
7315
919
4255
9525
4588
6840
2976
8801
2433
731
4431
3777
1574
1184
5121
2153
1533
5454
6513
3014
9824
8168
9190
9107
6560
2497
1095
9968
8811
2595
154
5992
7027
9963
4545
5337
7541
5312
1151
7899
626
6134
7740
308
8997
6359
7182
1771
6497
1376
8137
5860
4795
5406
9044
2608
6782
2700
2712
5629
8644
6587
3564
3328
214
3185
8718
5685
1442
7289
4676
532
8735
2504
3659
8964
6367
8068
4212
7427
4594
3729
8400
439
2944
9924
5244
5954
9760
4751
1409
7337
984
7809
7866
188
7759
27
8996
9162
2420
7050
3491
1331
2838
5167
7678
3822
105
5670
5489
2301
7424
8770
3823
1939
7979
1601
1073
8341
5036
5813
3611
8857
5123
4521
1488
5793
43
1415
6649
3696
7053
7412
3016
6924
404
3338
1924
221
791
1043
1440
4898
4256
9250
8428
783
6243
2112
2206
8146
8391
514
4995
825
2753
242
3180
1968
5775
8749
5370
7779
4059
3766
828
384
9582
5999
9605
3298
5199
2092
1062
2950
1084
8804
9393
8775
8240
9611
928
5643
1909
8785
4463
6789
8467
9026
4623
481
6162
8475
2584
9621
8223
9664
3163
5838
8651
2657
2498
926
1112
8423
5117
4499
4280
1038
955
1621
6604
3524
7690
2568
8892
9902
3480
9455
8176
1214
3902
1903
8526
2563
8647
2460
6712
6374
4914
3881
9355
1356
617
9761
7057
702
7120
7427
7698
8973
8332
9960
9476
2253
175
1081
4877
1535
8824
9331
3125
6799
4179
5970
8595
5834
5508
4246
4277
9061
7082
4252
1336
1913
555
2190
3942
1709
4280
792
3697
3798
3156
9587
3670
8259
4865
9755
3384
5780
498
8389
3912
1575
5239
1923
1278
5300
7051
7204
132
846
1834
918
2252
7124
5701
3045
5992
6057
6961
1094
867
5272
6089
5216
9004
9937
8081
7208
2169
6430
547
8820
9475
49
4977
9052
5250
2263
7946
550
2957
4280
2393
3850
6718
9093
2572
7825
230
1529
4622
7023
1072
9439
2629
578
4611
7291
3847
907
9419
7770
7996
8866
405
2840
635
1384
600
9046
1769
2117
4968
6376
6598
9579
7959
1695
137
7312
7420
8111
3462
1758
3409
9526
3999
265
2160
5975
1695
9515
4249
9922
6805
7014
8049
3930
4775
8300
994
6653
6878
427
7862
8782
6744
4650
7534
8663
6009
8521
7483
4967
7594
3234
3901
8894
3412
6694
9712
6372
7887
4378
296
7662
616
2458
6755
961
3349
9814
3187
7539
806
3443
3699
5945
5590
2374
