1188
9849
5112
4571
6478
1898
1826
1937
6542
1817
7623
7015
6370
1140
2030
3620
194
3809
5105
4283
274
275
4845
8444
5457
9358
8518
7892
1061
4612
9430
1642
1522
2893
1130
4508
8755
5565
1931
4274
3063
7741
6823
4453
205
4694
9452
184
496
408
5029
7540
1471
9875
1054
8776
5388
3741
7420
8879
8995
6506
9188
7775
7204
9526
4172
1701
3809
8603
5376
4756
8553
1304
8776
1016
3367
9476
183
432
6383
6675
6021
1554
6147
9315
9587
8462
4407
7556
8193
5777
1688
3559
2088
6624
413
7327
9682
6503
1306
4577
6163
2248
4839
7141
3722
3519
3893
5107
4425
4759
6075
9000
1952
6071
1621
5924
3191
6621
2477
6304
3827
1313
2973
4386
8657
2772
4527
3274
5760
1679
3007
5218
2295
1901
7596
7632
4033
1377
5785
2534
5934
687
5508
4953
8000
7289
3945
8010
7695
9560
5565
1167
6668
5187
9314
8075
6709
4802
7188
9581
6908
1626
8091
878
3908
1899
8740
2508
8629
8027
7420
6068
6163
1142
4586
5096
3171
3966
9758
4986
8338
4216
5971
423
1531
5472
6854
5444
2610
5181
9396
6679
2473
7889
1896
6344
6771
9795
1645
2365
5241
8181
8703
6164
4602
7105
2710
6291
1859
7563
4160
5198
1973
2328
1933
9793
9237
875
6867
4036
934
2112
6944
2864
2565
8091
7011
7083
3711
8247
1392
8825
3139
3192
351
6062
5826
9766
6401
7271
6724
2573
8280
6330
2878
1485
7918
2848
5516
6103
4922
8974
682
814
4190
3905
8720
6856
873
4545
1255
8933
7363
9964
3887
9103
3248
387
2665
9920
577
7410
8669
3367
5614
3906
4584
2330
2607
6206
4489
3429
3148
6217
4322
7940
136
6711
8854
3790
8441
8313
8802
2165
4183
4396
6757
4099
4262
263
7603
4398
9594
7435
7495
7017
497
4766
5063
330
2123
6446
6855
4083
7929
5417
6187
1852
5095
1174
1669
795
740
3395
1994
7057
2179
8387
294
1863
5840
5269
9256
9255
3270
3065
5559
1979
9641
2314
8204
4506
2812
4379
9769
6731
1777
354
1432
3932
8553
8358
3059
242
1337
9280
7314
4168
8262
8845
759
8817
4073
9046
2924
8468
8003
6079
1412
5435
4682
3597
3677
6579
2612
5907
9486
1992
4076
713
9183
525
1645
5443
9768
8701
5928
9291
3872
3383
2538
8432
333
1019
8964
6689
3982
8968
6649
1062
4095
6291
6528
7351
5623
6247
995
2737
3399
1953
7906
6145
3227
5984
9822
7956
5418
4706
7285
1890
807
1363
2045
58
5095
5918
2433
6029
4322
3394
9244
124
2648
2524
9062
1234
9975
5247
8312
9328
1934
251
1983
9715
2962
1340
5145
6602
2877
4396
9727
6567
9434
7281
5714
7333
7614
1872
4079
3645
6212
7235
7990
8321
7888
149
7304
5222
9891
2431
2718
3427
5467
3893
508
595
4984
878
7842
3673
9948
6151
9711
2559
9096
8678
6888
1693
3393
2516
1292
7841
6954
4169
9976
1680
6871
4425
