6680
9327
9814
2986
890
6890
4627
5637
3136
5745
4540
8066
6940
7794
3500
1776
602
9582
3238
1015
4908
8320
5581
9578
7405
8996
3468
2089
4295
9265
8525
5766
794
6807
4087
5918
50
2935
246
3480
3841
9822
3013
2456
3479
3626
26
5990
1071
3176
6960
9904
8048
8272
3468
5699
7184
7491
5159
3065
7396
5373
7706
6037
6169
1185
6117
7052
4529
5339
3391
1390
1558
3440
2155
8603
945
1542
6933
7684
9431
459
9439
1035
4109
3002
3129
49
7915
2297
1367
1161
3575
9287
1203
8372
5054
6847
3220
4554
1267
3114
1185
9658
7456
6369
4004
3005
227
8990
4233
9060
8521
960
8132
5064
788
5052
985
9332
8558
4796
6752
56
1260
969
1888
6300
5569
9047
9782
8915
5869
6026
6431
4840
4360
2409
428
2807
1571
4842
7894
8778
7216
3100
7688
5580
5293
4504
1129
7811
4865
1991
8185
7886
6038
4902
6601
3606
995
8680
71
8238
7536
3112
724
5483
9679
5694
6416
5472
6058
2003
2811
943
4062
9135
1937
9997
4523
6066
9055
5970
9300
8021
7258
1022
7975
8870
701
6059
9508
4131
4020
9450
4777
3293
9095
1081
5665
970
2917
7553
7984
8202
8210
4359
8703
8474
1718
5288
2369
6312
9556
4123
3559
2524
2558
2604
6930
4861
9923
198
1759
2073
2992
6568
7420
1626
5526
8169
5306
4006
2604
9649
5645
1049
3400
9255
1318
2067
308
8322
6227
3025
1269
6484
3747
7161
3480
6726
7607
6484
2848
731
8184
8770
4283
6205
4922
545
1082
3699
8443
3092
4948
3758
1335
9841
4285
1317
2979
7591
6263
4366
6277
4433
5964
9485
3404
297
6747
2452
2064
9585
2198
8771
1829
3478
268
8957
9815
8710
2718
7683
8771
1479
3534
7409
794
5529
2413
6658
7765
227
4029
4176
3678
3062
8452
2388
3657
1236
2030
2159
7667
7118
9589
6573
7033
5126
4874
7860
7715
6876
3224
9458
4991
18
2209
6199
7627
506
5503
1724
8519
2146
1114
9449
608
5659
6910
4518
5154
9945
4795
3967
4278
2206
549
3253
9635
4725
8818
2223
9512
3199
5346
2441
7855
5965
5019
2816
2849
2483
1308
7912
1919
5601
8970
672
4229
5605
1564
1567
4653
5538
7764
936
5972
9371
9826
216
8309
7554
8351
847
6418
9381
2878
7269
8840
5899
3228
69
2825
1446
8027
2288
5254
977
4515
5103
219
1629
8766
650
6781
7860
1766
3690
4404
9337
761
3165
4558
2932
2331
5903
2175
4331
982
7840
2416
7516
777
6396
1677
1207
2468
4024
1208
7439
1308
3139
5367
7065
4512
5893
1126
2907
1465
6258
6612
5626
9937
4982
2167
6467
8768
8369
2892
1409
4026
6034
2474
7283
4560
9972
6852
216
5297
6382
6012
8184
8491
931
5281
3813
9665
4168
9514
1684
7143
6536
9899
8723
968
6808
3089
668
3222
6633
9583
1883
7947
2853
7042
6500
5999
7208
5897
5626
7496
5908
9782
7689
3688
8070
8142
8568
6103
9835
1797
1762
5555
950
517
6686
9664
5063
1697
504
3043
4254
5603
9509
4993
4497
1954
8111
6601
27
5866
2261
4285
6221
730
3926
394
4766
6876
4563
7145
249
1118
4206
5273
2370
6065
320
8300
3827
27
1886
2267
1440
4227
2017
8214
5966
2693
5570
1401
8794
1420
8230
6727
1480
2048
8121
4449
5161
3893
9701
2059
2564
3464
4396
4947
768
4506
2617
8845
8035
5146
5158
8589
687
2144
7545
2499
1141
1866
3602
5224
5493
929
5330
325
3050
9544
439
7136
8305
6771
3496
1595
9965
4700
6296
3985
3386
2264
6050
4704
4176
5533
7128
4295
9906
2621
4112
1305
2571
8526
9096
6003
1477
4301
3741
8891
802
8471
7747
5706
9824
8369
9810
9571
8872
4567
862
8799
1618
7821
6534
8487
1848
5448
1382
9443
7035
654
7597
3928
3077
3102
7765
1033
1436
7035
787
1760
8008
4078
3170
8616
6941
1744
4898
2023
4565
8456
4907
2883
5843
5472
1569
493
7059
9291
4524
4611
7908
8993
6377
571
2650
148
4129
6175
2342
4987
8303
4892
1866
9417
5911
5023
2334
2681
8656
9660
286
2073
1773
2295
1289
6634
4930
281
2435
8178
5966
592
9231
7287
9396
4447
5770
1539
594
6070
5902
2912
4901
8162
8451
9092
3511
1035
3084
4422
3315
381
1021
5294
3396
1279
3498
6034
2878
3275
1670
8113
3923
7049
3686
6680
2665
6681
1763
8792
2123
5138
1208
7491
6032
923
2618
413
2705
6968
1068
1057
7155
3544
1325
1012
6673
978
6526
4046
5615
1267
4531
5827
8178
1410
9619
4985
7203
6046
5627
2546
7860
3730
8708
6785
4814
1232
5710
9917
5968
6850
3532
5360
7730
587
8037
3424
7993
6126
6198
3943
8185
3059
896
5756
8538
780
1323
2409
9948
4879
4778
9192
4059
3167
6903
1898
8685
6436
5205
3520
1886
9776
7991
5314
8310
7870
5819
5887
8125
5285
7779
5981
1517
825
649
1586
1608
2776
8824
1355
222
5729
480
20
4725
9531
4384
6915
589
2492
5552
2208
7969
3705
3463
8812
1218
4374
8866
3472
9440
1707
5445
4705
9096
1771
3990
9472
899
7868
8913
781
1088
2382
2842
6345
8096
6322
6754
3811
6386
6787
7642
5529
7330
5327
2669
9181
7453
2107
9343
216
1779
2478
1952
6826
4920
3795
5574
9796
6078
3573
3414
2226
7707
6082
2606
4091
2703
8819
3137
7943
2519
2983
2376
9289
7087
5236
4013
7052
3780
1325
6846
9606
3703
5398
1742
9318
4177
2440
1096
8445
7843
538
8847
9770
464
2386
8900
6303
617
4450
5779
840
5933
660
9706
9340
1029
552
7910
7761
2110
8685
9802
5797
2754
8895
8446
2175
4321
9140
2847
4163
6506
1980
8000
3849
3892
5278
9111
5851
2815
6640
4880
8464
9167
4551
4204
3969
1147
1760
706
8499
2815
9604
9831
4117
705
5478
2854
5976
2073
6064
9829
7664
6357
8232
5054
5631
1825
2811
6372
6854
8827
8948
9316
3480
5729
7267
9130
5218
7632
9595
609
2383
6857
794
4196
6948
6602
6531
1897
4074
9064
4423
1245
6821
2472
740
496
5260
7111
6152
6759
7890
3865
3886
4959
4275
8924
1802
9912
5069
1143
8024
796
8472
9668
330
1151
9813
2399
839
3892
9054
7989
3844
4233
2276
6094
667
1172
5892
4682
2777
4252
8712
7459
4378
2119
5065
4930
1579
8913
5370
2427
6890
2247
6129
1600
9057
9484
6084
3208
538
8744
8482
7761
2760
341
8534
9714
5922
158
7951
9103
9886
7548
645
6281
240
4204
6438
4896
9818
8644
2084
3021
4976
7676
5572
7583
3029
2747
3617
7647
7837
3945
765
6107
4085
546
1270
4457
8585
1011
4126
9951
6807
383
1330
4739
5268
7593
655
1548
7949
7623
5670
4558
9590
2656
2261
951
3732
3407
1119
9198
9744
1925
7119
9938
4548
1307
1050
6812
8142
3547
6548
4939
1828
8149
3569
6331
1873
8911
3511
8116
1893
5441
5034
5400
1634
5599
973
8217
1786
1741
5249
5832
3473
4883
3749
8785
1805
8483
9304
8282
2808
9630
2275
6349
8957
9750
9666
1180
1291
4815
2272
5193
8539
7679
9440
607
977
2161
1095
3391
2728
8259
8598
1133
3147
4024
8048
154
6128
1379
6667
6354
2730
3168
4242
3951
6671
8034
9048
591
1716
1129
8677
6051
7144
2800
3754
5341
9910
5903
933
1932
3590
8451
5829
539
1122
4038
6379
4760
2271
9646
4824
7181
6368
3240
2707
7149
3380
9173
751
4190
4876
6135
5740
9122
1135
3611
3219
6339
7189
6851
3167
723
5940
5812
8781
5655
2149
4561
5511
6139
2820
8968
5594
7355
1319
138
475
650
8015
9777
6897
6915
3385
1038
129
5344
2490
186
824
3733
9528
9015
7661
1345
6785
1499
9301
4357
8170
2053
3797
8707
3162
9787
2292
2251
4633
7047
9945
7150
3911
7389
6187
6734
5920
3585
9245
5348
7405
3076
4152
179
4632
1215
3071
8239
3009
9058
3617
2655
2147
7799
978
2909
2560
712
7206
7649
5515
9953
2059
4636
8590
6661
1712
4958
3040
9306
7508
6353
8803
8819
7955
6472
7112
5025
7514
3660
9025
3690
8366
554
4087
7956
1125
2512
1762
2565
5681
2281
6374
9779
7735
2555
1547
7586
9031
9981
3830
6871
4259
2755
9220
9296
7964
1496
458
2040
1230
8841
6496
8362
847
3312
2017
2948
8331
6225
8499
1155
1840
213
329
2940
5016
1677
3284
3522
7850
3799
4521
84
1827
6040
9300
5998
3244
6585
9660
1952
8434
103
3581
8383
3951
1085
1838
9981
8049
7684
2942
4058
1592
8984
8242
6935
8469
2634
2192
8130
21
285
3622
7244
1009
6029
9732
6012
1562
4657
8904
1640
2681
8914
8094
1935
2901
3709
138
2496
1482
4955
985
9352
7525
6407
7393
2748
1171
9883
18
459
1106
1760
5814
3330
2941
2103
4395
5153
6298
9776
3947
3359
9851
1427
1629
4612
9075
4864
9814
644
