2195
3218
9002
9703
2964
9455
6552
1922
7640
9690
2126
5103
4161
2513
4514
492
4974
1499
7718
6827
4274
6841
4827
2067
6654
6626
1779
7125
5873
2530
2170
816
5986
1159
4159
5984
2929
7192
7260
7202
966
1626
7214
8846
8161
6463
1602
7858
7364
7094
5281
8221
5955
7150
7943
3985
7829
1778
5580
9568
6572
9372
196
8415
5716
841
1381
7987
3053
9962
6718
2384
214
6871
3215
8708
3087
3961
9823
4723
5897
6710
2797
5279
1869
3849
1613
150
6564
4566
2240
8173
3817
4624
2383
3835
3431
4047
9714
3507
6615
6412
9065
9483
8324
6925
222
8363
4577
4884
5939
9315
6179
2484
9330
7183
9725
7501
3783
8792
2700
5564
9741
6398
9235
6454
3607
416
920
7073
2206
7631
7228
9042
9692
2556
7702
4505
8012
126
6841
7949
296
2442
6717
7376
544
8742
6835
9673
643
7647
2305
1726
9072
615
1394
3615
6716
4823
7910
3642
6840
7303
565
3835
6596
7442
4856
1041
2928
558
9606
8580
4637
7077
6070
105
6368
4982
5745
9572
9013
3723
7828
3178
7626
8167
7567
7797
5880
1926
9024
1829
9660
5096
5434
9863
4417
1767
3779
2419
2980
3222
9314
8654
1917
5158
6816
3923
3095
1886
5064
4974
5221
8553
5670
2596
7417
7639
8386
6720
2689
4512
5421
784
4639
4578
192
768
1266
1500
2713
5780
2167
4990
4835
2304
5129
7960
4696
9504
2129
8934
2322
1706
4463
4754
3179
8613
99
882
2428
1507
5329
2439
157
2010
2603
6513
4010
972
2632
7555
7509
561
4162
538
8414
871
5393
2370
7271
5980
4177
5579
411
1001
238
2548
9170
622
5661
6280
7110
3125
8558
8736
7259
9413
1438
8034
973
6775
8261
1937
45
1791
9222
4561
8878
4765
9743
1615
7523
1513
1965
3217
2728
3113
3869
3848
7824
894
2225
4415
7598
3250
4860
344
7489
3119
4362
5010
1878
2777
58
1624
9154
3942
3922
6145
1643
9649
4162
1686
3135
5657
7313
386
1697
2003
6104
2200
5987
7587
4634
4855
9239
7971
927
1946
5362
1623
1428
3322
8603
2840
8807
6886
9666
7847
6633
2280
4847
2473
6616
4826
8284
5337
8363
1683
9976
2072
448
1271
471
6779
5422
8759
389
9670
3280
1634
2419
2784
5974
5299
5347
7512
4273
2183
773
2271
4538
2104
8692
2153
6035
8765
449
7425
3839
3540
4030
4948
5588
7626
9058
4882
7854
8094
7129
8886
6687
8559
1425
7507
5729
5217
7208
1533
4381
2897
827
8807
1193
4191
8481
8049
3203
78
9168
4895
1461
8023
3115
6340
9995
1008
3930
46
6730
3434
8237
8948
5405
8744
7758
152
2296
4805
5430
8529
5234
9568
607
1637
8306
9836
4650
3181
9826
633
6885
8310
6165
3315
9227
1790
8937
1972
1888
1204
9805
9300
8616
2526
9641
4227
6366
6591
8050
7968
8356
6669
2723
1088
9000
531
2761
3936
7873
5201
1764
1119
5770
4468
4029
1027
9475
6930
7480
2049
8158
4506
4554
1856
5373
6033
2006
6190
4843
1217
8643
521
3649
9213
7823
8967
6748
8534
4181
8019
2602
5381
8885
946
4795
1340
5239
7552
2517
9485
3925
9832
6564
8269
3461
3173
7093
2826
4078
2591
8612
6452
3739
1494
4469
4943
3126
1782
7731
2484
2258
139
5896
248
1053
2956
613
1472
1307
6025
505
774
2713
6475
5955
2116
7208
540
6356
5512
4971
2586
1742
7627
838
868
632
8540
5324
9146
2012
1846
3367
3980
2480
3700
4137
6963
1077
9521
3636
5345
4232
9611
5604
5886
5412
9267
4590
482
5037
2957
8062
7832
666
9802
4451
6893
9601
5484
9169
7886
4150
511
7443
9429
8278
1747
357
4669
492
2991
558
6905
1312
5860
7915
4937
4053
289
4455
6031
2799
2753
4056
5932
1014
2880
1438
9561
972
4006
1559
3603
5900
8002
4596
5894
8178
7153
1212
7034
5008
9134
1210
5850
2429
7831
8805
6093
2300
4979
3147
3114
2363
4089
591
3363
764
1141
408
5139
7659
2643
2781
1937
6561
25
7738
8646
1011
849
8369
6274
570
8871
4203
2125
607
3317
6571
6164
9732
3930
4205
8582
2968
8214
3558
6678
9086
83
7410
9589
4763
4264
5981
4877
4108
7958
954
8278
5135
3743
4660
8513
500
449
231
8114
3955
3100
4937
1171
4810
2176
714
4424
1088
1969
8457
2647
7192
5092
4979
1880
43
4755
9758
7824
3544
6308
4379
1869
2519
1090
7962
7047
8505
9989
5979
2176
4818
576
935
5309
788
4524
713
2295
3987
1550
4734
2081
6971
2323
5999
9589
4532
8882
810
7850
7004
9819
7857
8600
2102
1202
2774
2381
3064
7668
6457
167
9487
8234
2214
8438
2145
1119
5718
9436
3041
1362
5790
8890
1837
9277
6365
412
5338
7282
3788
4973
3222
5306
2729
5212
3431
9605
3538
9738
7876
1988
998
1868
9123
2097
1679
4755
394
1211
3538
1499
2266
9935
9479
385
3600
3872
6042
9906
7586
2919
30
7038
9415
7329
3589
6930
1419
9847
8160
4950
1715
2898
7082
586
6014
9511
7834
9617
5796
1190
2709
3819
4410
7479
3323
9350
4844
2234
2709
298
3598
8737
3020
7435
8039
2412
4866
6233
1782
4506
2965
1141
545
9614
5494
1084
8168
8293
169
4321
6545
6637
8067
4366
8467
8067
5983
465
9245
5515
7056
974
7405
2603
2089
9911
6640
5655
9086
1343
2495
2670
2079
5099
4976
5583
5741
6508
9921
5997
9830
9455
1275
4760
418
418
3508
6994
6822
1308
3695
9106
43
4157
9641
1231
546
9605
9138
1847
6851
8127
4984
57
4223
534
8768
9665
4478
7064
4855
7789
6024
5042
4316
7314
2439
9840
916
3332
9809
6227
1647
4563
9710
4202
5886
239
8174
5486
4747
414
5185
3915
3065
7427
8319
9885
7860
4324
9142
8829
2666
342
3568
5351
6632
1401
791
1757
394
3737
5053
4775
3176
3712
9166
9666
4237
9548
4743
8323
994
306
86
3870
7741
6648
6529
4042
6298
7198
2338
9418
605
1267
1592
2026
2121
9705
5859
2648
8895
7945
7281
9061
1227
8442
1990
3200
7313
5548
6752
2081
6715
5350
4661
9778
6396
4446
43
7088
37
4452
2264
5120
1828
4423
1097
9337
6585
892
345
3307
4820
955
2132
6203
506
3762
1471
3397
4313
561
6609
7633
7496
4554
2433
1239
8829
3803
2244
5102
2088
4153
7425
8396
65
8857
6348
826
1235
5541
8002
5712
4188
1032
6102
3256
4464
5514
8669
5109
6092
5924
5948
5004
8033
3307
229
9674
302
2706
9533
8213
765
6928
6685
5022
5823
518
9601
3192
3509
9824
9678
2373
4724
2591
9529
2280
1187
1187
9992
4329
2790
8335
4260
5939
4787
8679
8577
6122
2241
1169
7182
5924
4889
5269
8774
3097
2999
3927
6043
2254
2034
2402
2944
5072
3408
4422
4557
2098
1794
971
5517
7714
8349
3532
3764
9121
5071
4347
6190
9375
3513
915
2342
630
9777
1764
624
3669
1971
8225
9511
1727
19
1524
5379
5904
9243
1400
1797
8466
607
3446
2056
9706
3915
3905
8085
9103
8257
3597
2847
7730
3973
5026
9538
5010
6455
3243
118
1270
7661
9859
8099
3982
7090
3279
1548
3132
5505
4885
8643
1205
5488
413
5929
3716
360
8770
5957
2628
570
1346
7365
4143
1255
9060
3242
7937
9735
2297
6970
3747
1205
8420
2398
8101
6338
1764
2904
5463
1605
7459
1802
3332
2982
9405
2717
3036
6613
5058
7559
5300
5056
7149
3096
5343
6077
793
5789
490
8945
507
3585
4850
694
8990
3874
3601
1936
3607
2346
1434
6094
1669
5643
1088
9344
9227
1504
5132
7998
170
9055
792
4575
2490
1726
6177
2615
5707
501
4406
1701
8683
2910
2717
7327
9301
9823
6532
6633
17
739
774
9689
1528
8329
3902
9520
6934
3542
8497
8652
3840
2629
2781
6707
7054
7704
6247
3326
9360
1744
8169
189
7732
8534
689
6957
9301
4853
4416
7369
3754
5907
7470
6344
145
823
7142
4753
689
5407
486
1145
1321
696
2631
8205
4024
888
5989
7854
4514
4246
6722
7477
4908
6387
8556
4799
8023
1247
9230
2613
8310
7921
318
5559
1696
62
9807
5824
6711
3110
724
6258
6235
499
5168
8840
3903
4690
4036
6690
1557
4314
7572
8318
3823
437
9036
5664
1971
6936
500
493
1990
1050
3429
8331
6171
4409
458
8928
9396
7528
2341
8818
4385
5015
3669
2751
4219
4718
3009
8029
5473
9515
2693
8117
3321
2364
4247
8993
7707
9911
9534
9792
3578
2891
4977
825
8076
5409
3503
6808
244
8831
1485
961
3480
9575
8886
832
968
5919
4350
5442
8983
4999
3479
1742
3736
2679
9474
4890
5115
1797
2428
1959
6496
7815
8431
129
6648
9045
1359
9420
306
8576
4286
2381
103
5687
9376
9765
4589
1102
6077
5518
1940
7209
6192
9988
2432
2412
7333
9991
6470
8804
4218
5483
9196
5858
4353
4779
1239
970
9335
6794
8316
8767
6340
7250
8053
1127
7088
6596
9125
3759
9025
9548
261
3799
1107
7139
8600
4988
2401
551
1318
506
4161
3489
9230
9979
2016
7181
6451
1940
1076
6988
1189
7108
3985
2068
4121
8078
7121
3849
9155
3277
9526
3917
1841
954
2447
4015
8641
9452
8126
4913
1491
9423
9682
7085
7937
4754
9030
9100
4404
1019
506
7928
4340
2902
8126
6392
8172
4718
978
314
9245
8900
6028
3728
6997
4343
6798
2201
6909
6297
7587
165
1871
7479
5886
6144
8032
1426
2785
2490
8588
2787
6022
3656
3480
1538
744
726
6888
3919
9171
1260
5668
6000
1311
6192
5882
5449
892
6552
197
6687
9086
5981
2505
3679
1735
8786
7538
3430
972
2777
7961
7411
7097
61
1864
2372
1871
5391
6499
3523
8143
3190
7504
7299
5605
7348
8988
1830
5796
8592
5188
2501
5821
6828
7539
9597
2497
9010
5957
6581
4843
1881
7106
2509
478
9408
6032
9728
6118
6631
4174
1864
7358
6203
5595
6181
8825
2894
6983
3315
2951
8189
6728
5813
9130
8856
1638
6855
6877
684
3053
2955
1246
569
7083
7330
6348
1131
5865
9196
991
978
1067
1040
1514
9528
1687
5419
3998
9872
952
9151
8580
6999
2175
6314
597
1574
3468
3070
9043
3254
6164
6954
2073
4940
4277
2589
3674
746
7085
2095
4654
9285
2951
5817
8210
8706
4870
3982
8386
2655
9252
8832
3669
6957
1266
9925
9733
9399
8978
989
8237
5817
3421
6360
2147
4530
7663
3794
4951
9354
704
9349
6791
7611
2246
5800
342
4407
3025
9210
7130
2465
6936
6014
1580
4852
4609
5110
6995
5899
1267
6235
630
2651
4709
4662
1589
7493
1853
5098
9202
4178
5445
9745
1003
9653
9303
4891
4073
6240
5627
3699
9021
1374
3642
4391
7936
2957
1167
9437
5242
6482
961
3897
5649
2798
7193
2114
7261
3763
7808
8777
1790
219
3935
1944
1667
2662
3420
5644
7716
9976
1133
5864
900
130
8612
7432
3891
8943
8672
2385
322
3869
4105
8455
6132
524
1606
729
1818
2909
6461
2841
842
460
5855
311
8918
9680
325
6550
1000
848
1242
4026
6838
1060
4710
5659
9438
6271
7571
3182
7119
5850
6206
4811
4957
9099
9694
9169
9788
7301
4795
7323
9176
4324
8688
1995
4811
7774
7074
473
9166
8014
7640
9572
7444
7051
5066
2391
7351
695
5979
5833
3385
8041
5269
3208
238
1314
3799
9833
3751
9448
9732
6555
6413
7443
7444
5230
1389
4801
7199
1252
2995
2926
9905
8676
8404
1252
2014
7805
8324
1187
3141
7374
6367
2220
6435
5481
6964
2393
4955
3817
4324
660
6932
9207
4413
9145
873
4158
3098
4060
9748
5360
8710
6533
6770
4497
4735
8557
8567
4024
7772
3013
5794
789
4343
3227
6838
176
4528
6404
4792
9317
2127
8541
8478
846
6633
6263
3568
5520
6847
6784
844
382
543
7065
4343
4121
7488
3296
459
7253
2646
