8119
8509
8398
9973
1435
969
551
7442
1238
7782
6514
8087
5266
2303
7135
3953
1877
374
8305
9476
9464
4067
3930
9580
7795
8371
6512
3292
2893
5899
951
9205
3524
3169
5698
9481
2319
5338
4555
304
7508
256
2093
9393
4129
5761
6347
4243
962
6479
4462
5359
1678
7714
217
9083
4948
2514
9867
8026
4462
4241
8921
5129
8341
4019
9494
8168
459
3970
6342
1888
2568
3828
940
5929
4973
9130
3155
3117
130
4672
8326
498
9255
8865
8916
7823
6730
9235
338
193
9236
195
7508
3759
8242
6305
2479
2797
936
4393
3795
7430
2591
1098
2058
8485
6951
462
1046
9496
8924
4932
1363
957
8327
1220
6852
7343
5599
2037
4001
3622
8
8098
340
32
1856
8963
8285
763
238
7103
4589
127
6313
990
9962
2320
8083
7993
3431
480
2888
814
2088
1873
5093
9815
7994
9181
3408
8221
4725
4744
8562
2406
2872
7933
6107
3397
9327
3829
6000
725
8742
3925
2863
9568
9459
1310
5664
6141
2884
8835
8766
7356
9435
3294
7495
316
8809
4319
3351
8547
3598
9109
3119
3904
734
5101
9398
712
4402
642
7513
7984
8714
4103
