6087
5435
934
8568
4200
2117
3372
7088
5606
9341
780
8321
7215
5537
3909
9494
978
9437
88
9247
9983
2426
1073
8482
678
9875
2745
2009
7002
2858
2389
6108
5491
5035
2901
8116
2231
6332
3337
877
331
5670
61
2173
72
9436
5761
1581
3453
7968
5768
7132
1923
1584
3928
7775
6813
2524
6153
5186
2147
8680
6124
3529
6410
4519
2498
8976
7489
6152
6756
2618
1186
3994
3708
2520
6283
4322
9880
6381
8430
5252
4510
4920
5807
1529
4018
6842
2971
1125
5596
1788
7264
2656
2373
7098
5632
8267
7839
172
3245
7810
8561
3044
8992
4670
3353
1253
4239
1205
7669
8667
6466
1056
6920
3434
7177
3909
2276
1418
7613
6302
6847
9514
8083
6739
1631
4940
4331
2206
9302
6956
4562
5138
5613
5701
3425
67
9479
3760
7546
8355
7691
8841
2691
4260
5145
7578
9037
1722
3506
2675
7833
9808
1092
2106
7972
8733
4591
987
2986
2398
8216
1970
9134
9195
3513
8004
3487
6996
7116
8889
7680
8503
2920
2674
9118
5916
1655
1615
5689
1992
2964
9581
4120
9292
238
8417
8473
1749
919
4401
4934
755
5743
8390
7378
5037
1325
3282
1488
239
81
3716
8798
614
4770
7181
5169
7112
1441
1986
9225
161
6309
4431
4442
7000
4639
2350
1023
370
6944
6555
8238
4288
2715
4033
9385
6305
1283
1712
8601
6300
6599
8955
1174
3761
3672
7634
5125
1512
8719
8315
3283
2239
4582
9719
12
5045
9590
549
3662
5048
3172
9358
954
8851
6303
2547
6063
3887
748
7743
5596
2604
9598
9358
7560
7757
6032
3914
898
3129
5663
1876
9727
10
3787
6362
6490
9611
4473
7541
4806
7208
9254
8877
941
812
528
179
5078
2420
2483
6769
3865
4852
120
8990
7496
4715
2004
5813
819
37
5608
3865
5638
8519
1306
7429
9013
507
8073
9564
2970
3954
8348
1323
5470
6385
6378
9125
3707
7287
4539
7387
3671
6260
7946
5832
8509
7716
1448
4542
9400
4918
2289
9690
9295
2212
3536
3098
5841
8831
1955
9813
7141
2856
1078
8779
9603
2457
8736
8217
3873
7540
3510
9246
1743
7501
5486
8111
7521
3992
9434
4264
206
589
4715
1274
3946
9128
1986
460
4218
731
8367
7480
2653
713
6333
5291
1789
7175
5688
618
2830
6694
7696
1291
881
2838
4391
652
2287
748
908
8269
909
3682
2709
2238
9344
6115
9075
765
3571
9520
3278
188
1531
2776
394
9069
1429
1263
6240
6506
8127
268
3025
5741
6869
6383
8044
8848
3386
5917
7248
9441
9035
2702
4534
2112
8550
3156
6522
4684
1929
6292
5830
3192
1824
4904
9328
1979
7093
94
9676
2720
2565
9874
7165
6316
4294
3161
5730
1079
2608
8717
6843
32
7902
6320
5410
7665
332
6245
2193
6025
7533
2264
6225
5176
997
2612
2268
4987
7021
9773
7083
5575
6344
7057
7878
9433
7087
8940
6428
8036
2621
553
2776
2649
5608
956
2674
6072
5027
1538
336
2217
5929
5398
8320
5194
3068
4870
5931
1217
2684
5837
7520
8705
4278
3818
9669
766
9136
9617
3463
4852
2873
2773
9134
495
5842
2892
425
3963
148
7894
1968
3714
607
9750
4177
9560
1413
9262
3168
2354
2811
8596
336
8356
7258
8322
4024
2699
8179
4956
2347
204
5135
2933
2491
8245
796
5472
6702
8231
2421
3498
7372
4199
184
5250
3880
5478
5283
1846
9674
914
1439
5119
8235
1020
2087
7988
4880
8839
6463
9717
5282
2676
2511
2215
1556
2851
2036
973
216
506
8629
5350
5780
6965
8354
5753
303
699
1673
2916
5824
6034
3962
2193
5657
7839
4253
6940
8405
735
8594
4576
7822
4699
9968
7647
8475
5062
6062
2533
7529
9558
2733
6408
8919
2538
6993
3327
8733
4978
9621
1131
2823
6283
3253
6895
1928
9492
9162
895
2645
8841
1794
5701
4440
1895
3356
6267
7540
4004
437
7130
6089
3386
9599
7466
536
2006
9822
6552
6497
626
7569
7450
2743
1527
7496
1111
3129
206
2086
1814
6058
7347
8787
8997
2941
1319
5328
8064
5116
4739
3309
6214
7943
4073
9262
3146
4324
8909
5432
4513
3078
109
6338
4052
1012
1967
4266
7050
8057
9113
7453
123
5734
6279
3119
1844
1437
6456
7498
6851
9721
5552
906
2949
9110
5821
9077
5515
5012
7049
3421
8926
7754
8812
2819
1640
2483
5460
3487
7019
7346
729
6795
4860
4431
1319
4405
4810
5746
9885
8119
5185
6151
5292
5441
5383
643
3505
1502
7042
9267
2940
9495
477
1954
1885
25
2086
1636
8558
7563
6003
2228
1992
8794
4152
2933
723
354
2998
7517
6573
2453
5554
3080
6982
4153
1789
8070
2396
2814
6329
7744
373
6855
4541
8402
5389
4797
2710
7467
7938
3621
1736
4255
7407
636
3040
4311
5987
2574
6616
2019
6625
3549
3261
2953
4053
1712
7243
2759
4160
4671
4111
5650
3943
9739
6095
4291
2125
927
3312
9947
8173
1223
88
2920
8134
7267
5841
4595
5342
2360
968
8882
8167
2199
9315
3759
3044
946
7945
4050
414
2824
7124
7990
7258
1287
938
4340
6363
8592
5545
1438
5547
7205
7498
4350
7372
5574
8043
2885
3014
3128
3799
4740
9489
9484
6437
7500
5727
6701
4479
5185
680
721
1159
1100
895
1871
7308
7434
581
377
9859
4646
3231
9334
1917
6821
4322
7491
5284
8095
8563
4260
521
9189
1846
5672
5821
3659
5656
1874
3297
7614
9053
5056
9703
2828
9867
5604
6997
7192
6559
8868
6496
6237
2700
964
4206
3931
9893
6664
4790
9742
3325
8693
4285
3554
2874
2168
1409
9704
2363
2565
368
6159
4715
3378
4587
4069
5539
4498
8581
9956
2923
9780
1381
1718
5833
4699
7026
5846
4436
1513
9730
8066
6781
2495
177
9920
4004
5059
2318
3955
1554
979
41
9258
1017
3017
670
4008
4534
5344
7955
7817
7959
5613
9556
3832
1909
9326
6474
6188
951
6960
4999
9819
7804
5007
3202
9715
5546
780
9741
1967
7239
5766
251
4511
5543
9031
7747
6025
3783
7642
9605
6899
5858
105
5461
2537
5910
6236
6256
9484
5414
2602
5734
8291
5748
3530
4155
4655
5145
1515
1086
7638
3495
2057
466
5868
5141
3436
3895
5014
3187
461
9677
1201
9974
7407
1799
721
1391
5211
5347
2746
9291
4055
401
2105
4706
725
6774
3763
641
280
9110
5763
1483
5224
424
2639
4774
3779
3102
7809
9358
9285
5384
666
66
203
1425
4238
8417
6016
5315
8940
2065
7314
3855
3907
7427
8928
4872
5149
8413
499
208
1470
6007
771
582
4800
2325
7917
4682
1330
8669
1187
8447
2876
6441
9771
6718
9050
3477
4657
4084
7754
566
9961
8154
1618
654
8563
9463
4194
9002
8307
5976
988
2028
6954
2838
4725
8289
5747
6317
8532
2125
6276
6489
1614
670
92
8258
9253
1301
7050
6503
7650
1839
4199
8255
7069
1854
778
7667
190
8658
8128
9029
8409
9630
3917
7100
4549
602
3438
3320
6292
3740
9311
1482
5614
510
2127
6622
9826
1406
2252
8527
9153
8786
5966
7793
6240
9454
962
8880
1259
1494
4822
3219
7849
6815
8069
3604
9570
3178
2533
9123
1620
5894
8378
7837
7717
4383
398
5155
9721
8704
1166
3180
7800
2762
9585
8000
2570
3005
7150
6042
9782
1685
1057
8624
4567
3201
7111
5200
820
8320
3675
6138
8605
9127
196
2019
2787
455
6924
5509
1746
7357
365
232
8423
4106
6752
3749
11
6797
7572
8125
5950
1102
243
5524
5694
3024
4451
4221
918
6184
4763
8203
5800
8612
5423
5045
9911
2904
7310
9480
9748
7261
6465
5781
8007
3415
2254
7785
6625
5047
9221
9377
6104
4503
7731
1761
7779
3567
7841
9247
4895
3293
8154
7906
8644
3155
4209
3405
305
9745
5410
4079
8341
8443
6657
537
6527
2225
6641
4721
5229
5321
864
9071
4636
1555
2905
1938
2418
971
1218
6045
9762
5494
4678
512
7663
2514
7162
5252
9165
4324
4123
2170
5021
3949
3267
9751
3125
7776
5183
1943
3277
1329
208
1868
5911
951
7054
424
4214
9461
3021
8838
2150
1139
1823
9521
7098
6146
4714
8132
3830
4853
830
3888
8063
8133
6542
740
7486
591
937
6386
8320
5844
4854
5849
3998
9872
2581
3052
5532
9447
6004
3299
914
6193
3591
8028
4953
8840
6660
6637
8378
3296
1402
9109
3967
8925
2647
4607
2798
3963
6872
1851
4040
391
2677
6358
2220
134
3109
9316
9464
440
1589
443
4822
7323
9420
7956
6410
4702
603
2787
5606
7342
6929
8978
7481
8402
2247
5360
9029
9015
7234
7396
4888
8481
8046
6825
112
2537
8508
4179
3650
6907
3627
8807
7092
9755
6199
7131
1193
4571
9895
9842
9369
349
1737
4813
8441
4402
8267
1404
4137
6003
1378
6272
5885
9770
2869
1000
8621
5965
3103
2333
604
5605
3991
2950
707
3275
7776
492
4497
7058
9482
5810
3013
8720
3623
9120
9471
1958
1266
1196
4632
9519
7678
6662
753
5984
5075
7440
345
2309
1495
4608
2978
4612
7202
4589
3235
5179
9584
9676
8474
4979
6466
3477
7255
1631
104
9313
1826
6695
2941
4142
8007
8057
5530
2235
8331
3622
368
7112
3828
860
4147
5767
6117
1691
425
3498
8156
3666
3171
2409
1939
5359
9146
825
6174
6388
5122
2099
9551
4911
6434
5865
1702
3942
8724
4760
9284
8182
7471
4366
6334
2249
4268
8284
2734
6196
3731
7043
3782
9417
2714
1342
8999
4334
3526
9356
5194
4455
4213
301
2679
4888
6047
4564
3346
182
3480
8753
7186
943
9235
1676
3245
9164
3155
3612
9803
2350
8545
4615
6903
5632
227
6773
1719
5654
7908
3798
3696
1097
5500
1785
2500
4146
2179
1653
1759
8445
151
2023
3978
8153
7532
8015
7877
3171
2354
7586
3672
4500
5310
5340
5732
9340
7347
5264
9861
842
4756
2475
5692
872
8708
991
9721
7546
4165
7595
5961
2782
4833
8672
2916
5106
6744
5291
1948
8880
920
180
9076
4488
1009
9423
7357
8828
1836
6802
186
1572
9415
2241
4568
1300
7227
8718
1809
7161
2049
1486
6835
4949
3794
1106
9209
6240
8308
8869
4670
8131
2539
7975
5809
6049
2947
2672
9688
3348
4979
6474
8913
5320
8229
5508
2834
3280
221
5263
812
8945
8010
3636
1425
2561
3040
7241
6083
3866
6568
3373
7259
4150
9840
8645
6136
7124
6964
2047
2092
4372
9485
9577
2969
845
1359
4639
2494
971
2949
959
7498
7231
7339
5651
5254
1645
7863
6483
1139
2084
2931
5542
1843
6574
4169
207
9320
2503
2076
3851
7475
6193
7606
8311
4760
5421
9792
6900
6880
6130
3456
706
6005
5524
2338
3534
2911
2430
156
8057
1616
6230
2527
7311
2396
9707
9821
1236
2538
4389
6933
1217
5050
4464
8896
3942
5584
9624
6140
756
7314
6843
5383
4796
8871
1888
5726
1441
8166
5357
1439
1552
7998
2398
6631
3514
842
7128
7084
5303
1784
4990
2323
9305
5681
1182
6694
5366
9214
3742
2911
4273
6521
3851
5115
6287
2266
2122
7561
9574
3135
7367
6043
8998
3336
3015
3286
811
3404
1594
7376
2337
1186
2150
9475
4949
2160
1046
6999
7254
9211
370
8142
8592
619
1581
8658
8960
5926
591
9818
5791
5872
2369
1246
4920
59
8956
5701
125
3792
4506
7815
5226
1966
860
3450
4572
3401
2210
7619
7187
7567
2390
9506
3316
9713
1326
8508
5720
5373
1991
8737
9957
886
8841
2284
952
6948
5020
4622
4378
8529
6696
9336
7365
9567
2760
2936
9502
2854
246
9618
1808
1204
95
6618
7311
2600
8644
2116
1376
4181
2228
7982
1434
9062
9217
8502
5356
7079
9998
2309
2394
7023
805
2361
3216
4265
318
5638
7914
8562
8238
8389
2084
5676
3432
1452
5223
2200
9167
3642
882
5484
1158
2997
435
9267
4633
4321
6529
598
5843
3932
1377
6400
7531
7749
5299
3778
3473
7032
498
2041
5659
9494
365
4707
1060
3813
9016
1835
1959
3406
6299
286
3789
4775
898
7419
9846
3896
9837
7975
9537
9707
6883
5
3972
2515
5103
2295
7429
1375
9233
9395
9622
9279
6402
5491
7923
273
2763
3800
8428
1621
1567
2442
5233
4222
9894
2256
6728
3333
310
5892
8298
1671
8749
6809
7306
9520
5370
197
4414
9886
3248
6768
5019
831
9230
1269
4036
3852
1059
5915
6569
969
9814
6361
9261
5424
5831
7058
7039
1209
6496
7267
1176
6178
5312
4797
723
494
7678
2738
7637
6623
430
3471
8897
5508
489
7091
718
307
9351
5056
2253
4173
7129
5442
6191
8744
5100
1681
5791
8583
2720
577
3337
863
6894
2516
3099
9545
5334
9155
5137
5244
6265
9166
6797
3740
8373
5042
8519
2511
6585
1214
1615
2707
5131
3049
5953
968
2789
1393
4064
8146
2843
4773
191
7549
9953
7864
1037
7373
2580
5320
2668
4670
450
3615
1887
739
5349
1261
6109
223
9634
1938
3307
2110
387
2642
1728
2326
2391
734
5816
9598
5015
6278
2744
8415
9660
601
4606
9472
5661
1640
1372
9994
1498
9059
5430
275
6563
6706
7680
4581
9967
4586
6203
9718
6723
1213
5210
2795
2047
9849
9769
8064
6070
1020
7521
9238
7282
1790
2222
5224
5182
6324
9793
4181
559
2254
7907
9312
2665
6731
262
4890
8861
2091
8310
7402
2285
5192
9263
6714
4219
1359
8911
4419
504
53
91
8623
217
2957
596
4240
7997
2565
4277
3435
6820
5073
7490
9594
6714
7718
950
1112
559
9249
1
9400
7166
3853
5089
3252
1451
5533
4689
572
7818
4512
3844
2132
9059
3280
314
5224
5835
6607
78
2319
7883
9085
5036
7868
6603
8482
7709
4821
2221
5226
9735
9314
9176
7118
7863
7071
109
2521
3282
3944
6221
6618
2017
116
1184
1396
6711
6517
8372
3718
6438
3289
1553
3943
2689
9817
3705
1297
8015
9677
3396
1880
772
7730
9274
2438
5023
2964
811
4249
2573
6194
788
7041
2859
6391
8281
6047
4338
742
2567
500
2822
4468
2673
4374
9699
4524
1412
2952
4168
5660
7047
2245
2463
3649
4120
6872
2595
789
2633
9293
4887
4390
6069
3911
4669
4245
2593
8070
8937
7914
7629
9038
8364
4968
5067
1703
1600
1219
7927
9960
3535
6314
6367
3352
224
8109
1446
9693
7188
3883
1180
4976
3460
4400
2951
237
636
5433
888
8558
794
9723
2652
2766
2360
5951
9257
1396
4834
9393
9062
3164
3881
1713
771
6951
6995
3165
2207
4712
3896
2190
9165
9272
7648
4536
8855
3676
5206
3883
6268
4236
6814
2453
9002
2577
2343
372
1376
6501
1950
1721
6630
6942
2392
4596
3927
8770
761
867
2241
4824
7230
5407
3975
7547
7440
6763
462
8902
2738
6295
8152
8328
504
9567
7627
1226
264
4662
1243
4083
359
9506
625
1417
6611
809
8476
3139
5238
5165
5446
8021
4526
1554
9924
6225
8230
6136
4
1257
6133
1007
8664
2208
7735
6294
7056
9379
2428
4006
602
652
2545
8598
4174
6319
1910
5552
4000
152
7861
6311
2137
9968
8958
9193
1096
6849
3717
581
8971
5886
3475
3540
7319
8895
4126
237
1304
2101
3209
8330
3997
8301
1886
2377
1307
9307
6228
8896
9383
6649
1091
5939
8906
2264
8930
705
7670
7359
6907
3572
4675
1677
2306
918
6124
5266
7282
4056
8133
6615
6961
9988
379
2989
5496
5917
8357
996
4096
5217
3874
9872
2926
6267
7600
2168
6108
238
764
8501
3112
6970
8184
4673
3727
7224
6456
5470
9452
6596
8973
2731
7652
7124
5040
2298
7499
3733
7998
2536
586
2881
8773
9918
1915
6917
5940
5725
9022
9945
910
7255
9152
6865
6519
1838
5501
7159
2543
6503
9983
8261
5351
4280
6092
4183
2852
937
7837
8016
6201
4485
7524
6345
2283
7169
6740
475
1966
7338
6967
2986
2034
1049
2246
6471
9177
2791
6903
3039
9650
111
2608
1229
8009
6397
3435
4708
3641
2423
3308
2299
9662
856
5136
1878
1776
1908
7171
2987
2667
23
7050
8373
245
3891
5899
4279
6325
4248
3575
9756
4103
6629
5812
2249
9732
9556
7179
6910
2180
3456
8328
8352
1524
8806
7225
7006
9199
3442
1596
8087
8413
481
9261
5717
6470
5117
1533
9994
1630
3108
19
1279
8426
7932
4722
47
3795
6470
7541
2783
4684
3045
1636
4778
4294
5066
1299
9269
5551
4433
5926
2046
5185
5685
6456
8402
4945
9107
2914
2624
9382
4476
4590
7474
5340
3501
326
8481
6356
4129
9928
6863
3486
6852
5419
7281
8448
5815
2317
146
2937
2237
8525
8970
2991
1043
801
9220
3355
2646
3291
2238
9237
4566
6079
4444
6887
7524
7477
8021
718
3246
4490
4093
2272
3523
4589
2192
1593
4733
4118
5560
991
7911
1994
6966
2978
8746
5081
7955
7021
8135
4840
1214
7456
4059
5533
811
6585
2654
1437
463
5964
5872
684
149
1756
8177
1679
4323
8026
8522
6439
6242
3171
9810
3676
7647
8131
6489
3980
9752
9884
8115
1632
8003
5346
6719
2831
1866
755
9446
2040
5615
9991
770
9779
1055
8979
8260
8495
7767
9412
6165
8612
597
3274
8161
4200
4941
2571
442
6621
8700
402
5862
3107
7498
9143
3367
137
1107
7599
3276
5303
4582
3898
2188
3098
6655
6230
1215
2310
7110
9926
1542
3024
9008
5567
7001
9756
3693
2928
8133
6114
2834
6730
2249
4625
6854
2644
2290
985
5860
1229
5713
8119
5496
5401
4803
7720
9524
1909
7991
487
1531
9402
8301
6093
3439
4872
3906
6592
481
381
9337
4217
3977
5726
9555
3407
9772
8702
9650
3724
3894
5413
201
6992
7426
7526
4640
5853
6978
1414
5032
9019
6148
8628
5307
3713
2467
1262
7636
9961
4043
9360
2419
689
9561
3176
4109
3693
4097
1455
6741
1745
6038
5386
7731
5460
6105
9293
9766
296
2893
28
9187
8726
5950
1040
3896
8253
679
2216
2981
5538
1393
8691
2122
9744
9202
2920
3018
667
427
8490
8510
5856
2772
8697
1512
9578
8315
8216
898
137
5156
1291
8338
1676
7529
933
5266
9323
6430
232
8428
6353
4478
3502
2360
8515
4485
2623
6317
6907
4538
9291
5141
322
2199
8605
4025
3653
4129
2040
3779
4061
558
4447
5597
8049
5110
8540
1868
22
6807
8946
7244
441
5066
8620
9303
5629
5820
4489
9286
2293
6737
3839
4214
3711
6841
4665
6442
7427
3629
3281
9460
6537
7164
5077
2886
6616
9325
3646
3893
2466
958
4977
6007
92
2211
3953
5937
31
3294
5588
9162
3172
1026
4311
4759
5327
253
6007
5400
4154
787
4066
3959
2577
6246
1621
3218
5237
7090
3382
3137
4110
6757
1134
9750
330
6909
3731
9214
127
5722
9371
5210
254
791
5545
1390
9832
211
2611
3967
5392
3137
9673
64
65
2894
8516
7016
9113
9478
7069
5571
5962
5328
4724
8640
1315
1866
9550
3417
2094
9149
2576
8825
2554
9749
5331
6193
7426
5255
8476
9079
2522
9004
6244
1648
2243
3152
3519
5406
8836
8852
855
2203
7100
8520
1787
2569
775
4823
9083
8899
841
7165
8926
2003
8521
1552
2868
7121
3749
2512
5800
7857
1530
688
6086
8716
2409
8588
5667
2976
174
8371
9579
2413
8343
2151
5011
5201
4858
4043
7731
9213
9632
2969
6363
6083
6522
6291
9335
8095
4452
3665
7566
8416
6796
7482
6174
1102
6630
9422
4727
2012
6958
3644
3718
8343
4372
8243
8091
8890
8416
1758
8458
5250
5064
230
6695
1995
5662
7048
6742
9474
6966
4432
4648
2283
6564
5156
506
6803
594
4710
7595
6368
4696
6745
6626
182
4055
2884
5966
7957
1445
7590
7676
4950
7794
4666
4085
8201
4818
3193
9754
4542
5664
8132
9993
625
6316
329
8691
3730
1186
6818
7570
2007
8469
5266
735
9471
6002
9966
7933
7585
1709
2540
2948
3591
2967
9134
4796
5179
8992
8701
5878
6785
9428
5426
6573
7265
1016
8741
4176
728
7771
2667
156
9483
7395
602
6427
769
4712
6483
1074
9156
6386
1105
6459
2634
4952
2724
9618
5334
4408
2596
3825
6369
2948
8458
6688
6717
9224
6136
3778
6129
1763
6340
3251
4889
1992
9190
9166
4198
7932
287
4749
7103
5690
4359
416
2215
467
4679
5901
4801
6207
9148
1546
6501
6512
8590
6787
6394
1958
5879
9567
9286
8880
3855
8945
8330
1969
3757
626
8801
7238
3311
6485
6779
3167
632
1281
1096
91
6614
5566
4808
2434
6512
5836
4691
1012
8681
464
6857
9121
1728
6370
8267
5596
79
6502
9518
7313
1123
7230
6745
3397
537
587
6393
6468
9190
7512
9646
3438
5995
4624
9660
5732
4327
8586
4459
5265
9559
7779
4668
3998
8195
6552
1138
1985
684
2110
3091
9063
2184
374
7081
1428
7923
5512
9823
4801
8139
6313
4964
4643
3591
717
3841
9817
8870
3741
6816
1939
146
6434
9514
3721
5181
6226
9198
4848
714
7657
9641
3989
9690
1711
5131
4225
8459
487
6201
1451
1416
9221
4205
2803
6827
5995
9305
227
6341
3698
5651
4190
7141
4101
2582
2672
2073
5729
4442
54
1181
1893
151
9825
3900
1134
4476
7890
4757
8124
3222
9007
4618
6922
1961
7604
1683
3813
7057
9412
8625
4497
3610
8241
1553
2545
1990
6027
5961
4733
687
6239
6978
5167
5326
7781
4522
8869
9108
5711
766
9825
4088
6896
8586
7126
603
8307
9479
1310
6637
2143
5041
6406
6605
4697
2037
5486
1311
1704
312
9054
9132
6541
5545
925
656
2574
4850
8610
2688
4789
3612
3902
5618
2935
5731
7261
2438
6148
7540
8723
8757
1539
1256
4431
4589
1934
6700
4675
2101
6067
9405
2032
6949
1954
4192
3527
6051
2734
2028
1879
1691
3870
2966
3304
3807
4611
4596
351
3830
1215
4886
1347
7450
3932
7891
2041
7687
198
4116
8913
9939
3501
9601
9851
5183
9514
1166
5645
2952
1814
1770
4070
3254
464
2220
9290
1842
7916
8482
3775
3354
9798
3520
1533
8978
6647
812
4247
8276
899
5017
5474
3322
9564
7703
9679
5709
2866
9592
3526
766
2883
7574
1715
4866
4256
8307
1281
3141
9357
5015
334
1971
4575
9987
6454
973
148
2196
9317
490
6186
3145
6806
7815
2248
4524
8550
7791
7286
8665
1448
466
798
4116
3833
2657
6799
1658
1930
824
883
8112
3842
1750
7457
9432
1213
7948
4151
7960
6340
7371
1739
1237
3828
7063
5597
7100
9679
394
557
3791
3032
5155
623
2437
1441
3555
2646
1028
4372
5344
6474
6288
6951
9459
1098
9193
7050
4912
1943
9103
3047
6773
5504
8108
5426
2744
1117
8752
5024
925
7312
6043
136
4953
1699
1645
1429
8586
2012
1128
8437
2591
9141
5606
7768
9188
4395
9413
15
2756
4604
7278
6607
7876
6559
6897
3381
290
6688
116
6857
4896
6892
2254
4878
9452
2768
7683
3037
532
8370
564
7825
6838
8981
8568
2188
994
8877
9
9247
1515
4666
4538
3900
1334
5383
9494
2939
1417
3391
8779
5566
4799
831
2708
6974
9799
130
8848
6352
4375
7418
8510
7098
1003
8623
6810
8839
1764
6211
9809
6130
6226
895
4801
9379
9008
3895
7925
320
648
5490
2010
5830
4794
8095
3086
6656
7514
1541
8318
2546
444
5905
5030
7200
317
218
4833
8434
4041
9019
3711
6551
3284
9195
7886
1494
9500
5230
644
8850
1853
1273
2025
6545
169
8355
7821
4948
4222
4468
6015
7123
3036
671
8409
7354
6480
7784
924
3904
4717
1686
4591
550
9269
8135
2286
6338
4269
3177
2923
2482
4981
5461
6320
8866
4617
4378
9777
7466
7184
6355
5017
2045
7540
4955
1087
5743
9658
2702
3506
3234
9577
4547
9125
3022
5907
198
2322
1408
991
976
7987
7433
61
4495
6173
2965
5722
5696
9959
2142
4999
9006
783
8951
3858
9956
8706
6199
8371
5097
9215
8440
4640
8673
6891
3183
5274
9039
5422
7199
4358
2161
4408
2354
5433
988
353
4118
432
2053
642
942
6870
7919
2345
5568
8532
4468
7959
5549
8438
5080
3976
115
5306
9194
4104
4951
8635
6016
4451
2516
139
7446
2321
9391
2830
8395
1375
6709
5111
4554
6692
8854
3803
3016
6957
5026
2214
7689
5718
1702
822
3036
7439
2544
3501
5709
8326
8921
1430
6692
3688
8199
9608
7695
7595
7388
9779
9705
1114
4374
3738
5779
5563
5139
4068
8697
4007
9066
8522
5051
510
3093
4846
9043
2493
8950
691
8213
4571
7399
7638
4323
9436
9113
6619
7313
5998
5855
320
5168
2734
6703
8796
830
2978
2836
809
819
4449
2512
5993
1264
1366
8097
3413
3693
3246
2173
8896
6567
9586
4009
7442
3607
5576
59
3821
388
9003
6056
3268
8083
7790
7615
6324
8149
5654
9941
802
7712
9539
7035
8916
5160
886
8829
6827
2758
5334
7944
3217
626
1670
1554
4225
1225
706
9212
2406
2798
5560
2173
9701
3478
4089
7209
4697
2973
4211
1671
4528
4856
999
2192
5395
2685
4341
4093
6935
8228
8339
9174
831
8616
736
1143
9398
837
3457
8860
9466
3564
5074
603
659
2973
4945
6815
4275
6303
3847
5474
5327
8969
4981
6709
6457
2090
3475
6169
1384
3421
6389
5360
1765
2859
411
1778
873
6385
2916
6678
5264
6790
5426
2336
6768
240
6272
228
123
5565
4667
4906
5941
9391
7028
7655
379
624
6244
1749
6904
2410
2830
6210
9898
4347
7824
2737
5358
5359
7184
8438
3091
3391
3901
8307
7591
5417
5637
6002
7369
6866
8747
9305
9286
8469
5292
4122
2660
438
2284
2332
2353
623
1907
236
4822
972
8150
4070
6083
5805
1235
1478
7548
4559
9223
6896
6792
1396
4046
8850
441
1487
6867
731
2415
1847
712
1817
7722
7035
2601
6470
1521
3893
1306
1909
4666
1721
8088
165
1248
6973
2658
5541
1820
9247
3462
7303
219
3156
5890
7838
7912
4593
6356
4785
3289
8555
9806
7061
7398
3903
6762
2218
9034
7047
7134
3165
7516
3093
5664
565
893
1496
9729
3622
148
5254
782
5398
4970
2927
8512
1379
3693
6238
8349
2775
6004
5336
109
8486
4881
2379
9975
9131
6644
965
7086
2411
6858
5802
8578
1646
8159
4479
3772
2991
2970
3835
4652
610
7044
5543
3471
1409
5758
6975
1306
6057
9282
9924
4723
345
4499
631
1203
6926
7647
1363
7436
9521
3242
8678
7051
1631
5778
3375
9301
4232
5633
665
7369
2265
1545
6060
1519
6379
1244
8255
723
4394
3377
4727
4677
9382
4731
7609
1232
7409
6861
3637
5878
5510
5649
609
1460
733
3203
866
9603
8390
2063
1444
5009
3900
2830
4956
8387
882
3516
4907
241
7165
8003
7632
4552
5108
2255
7992
3238
6789
6341
4033
6906
6108
9270
3370
3203
9750
9624
1711
6043
8400
7827
9577
5423
6061
7503
688
4013
9834
219
3337
6389
9197
5865
3856
4329
8123
4592
3437
2348
9340
6411
1844
4180
8151
9161
5859
8232
3552
9459
8095
6917
460
2626
5187
4285
6434
8288
4692
3708
6609
6950
3152
8494
195
9285
283
569
7912
8976
5671
1925
2177
7804
4153
7003
3741
1401
906
5630
7225
9628
2070
6499
7876
4882
1203
1975
5408
2078
1764
2704
1342
3978
7104
8484
8698
1474
6138
4080
721
7150
8929
7302
6275
7077
9908
4921
9281
1593
1428
7595
7057
8951
3758
615
9667
6596
6092
3772
2617
8337
3596
9080
1273
8113
585
3138
2391
5696
9878
3941
6137
4455
5443
5575
1611
726
9830
486
5925
2001
4534
9698
7640
1263
3785
7803
1359
3516
3259
4903
871
4925
6758
5329
5151
9701
6315
2930
1863
2212
9824
9773
6836
7675
3172
9836
139
8116
2221
1368
4864
4656
3262
1114
6591
998
4873
7582
3626
968
4201
5633
5820
4018
7175
1136
6082
257
2211
886
8997
1206
5401
193
7199
6731
5246
6597
9946
783
2570
8643
560
3516
7151
7439
4779
3807
9718
7021
671
1020
7445
3658
2678
7631
7214
4481
8565
9266
7337
2107
1207
4568
2277
5523
5563
1383
883
9777
3222
2251
9983
296
8377
6752
7580
2861
9046
4976
4445
80
2776
2311
9170
9485
9570
7367
1411
7111
2814
7271
3585
2969
1449
522
7927
1253
5163
4686
5558
212
2000
3512
2226
2560
6054
5185
2571
5368
1077
4150
9073
7860
8208
1851
4996
8405
6740
1262
2774
9130
2684
8351
6941
4496
1708
1465
4674
8673
3048
8014
1071
3094
1661
8284
292
8624
9027
205
9585
704
929
7442
7373
6746
165
8691
2464
5665
2675
509
229
715
3778
4779
7056
3847
4818
6019
2054
6748
3534
1113
467
880
1244
9263
4738
3760
8184
5388
2996
3321
5689
1987
148
5111
9195
8934
2038
6294
3606
7892
186
2501
2356
2646
6105
2813
9506
4791
4778
5199
6608
6525
3505
251
3891
6466
6836
9111
3998
9283
2819
1000
3916
6153
4059
2388
9368
7173
1999
2673
538
5731
1220
5258
285
8750
8372
7919
1039
3114
1484
9467
3470
5924
7838
3742
7587
3997
9397
2308
3336
6578
6455
2488
3042
4027
9465
2062
3729
8647
3790
9228
2653
4888
9854
6501
1365
2599
69
2657
5905
1710
1083
1878
2435
2506
6857
1885
8368
3974
4094
4738
5953
1983
4559
8912
1523
7781
6454
8121
4515
5116
1737
4549
6067
863
4115
3694
9513
17
4564
961
8228
7121
5248
7963
3553
983
8735
4961
9765
9738
7983
1916
9588
2657
9185
2505
7554
3444
2162
6132
2619
5918
2820
8847
3633
5881
8252
133
1873
1315
6493
2287
6945
6658
3356
4486
5319
9219
8725
1116
6996
3601
8354
6696
5264
6098
1438
5541
2801
3986
9351
6312
1036
6935
1460
6091
8952
8255
8005
606
7909
6271
8755
7019
2295
8308
759
3914
6719
9633
683
7212
5897
4052
2411
2117
3423
2488
3731
4090
2244
4253
7149
6765
4683
9784
8419
9285
56
5951
7729
7198
5729
9826
9742
9982
6586
6886
4978
6623
1755
610
8138
8986
9730
8416
1922
7518
229
2434
1296
7271
1509
2348
1676
3794
7864
9650
3928
3477
6755
6832
5535
4469
6280
5446
3182
759
5642
7843
1650
7259
3983
4505
8304
8007
5860
5876
1636
206
1099
5320
8112
9922
9303
7234
2636
217
5181
6969
3477
1964
4636
1251
5087
4061
7817
5796
9594
6219
2790
6284
5627
4782
5469
8918
631
4779
6583
1601
531
4026
8503
9951
8612
7480
9602
5279
2252
7977
9248
4779
8748
9266
9542
6213
8536
3778
4487
7106
3753
6431
6424
2265
8651
5375
9683
1008
542
8005
9546
7081
7750
4497
2898
3271
9686
3597
6176
7010
7753
1134
1798
1041
1513
694
504
8769
3492
8068
4603
4051
8486
6064
8320
4458
8808
3659
6937
4433
3445
822
8242
1234
4911
4387
6218
9832
1538
7121
3859
4322
3187
9609
3297
4477
2867
5153
7647
628
9596
3943
6138
6496
3417
4123
4279
916
1768
7476
1212
665
6833
8250
6851
7172
9272
6938
8262
1032
9561
5006
3327
4609
5816
125
9921
9078
628
4165
8021
3018
4440
2907
8424
6246
2885
7205
369
6784
9001
3659
7793
3731
7661
8360
7590
1581
8410
210
6673
5684
1213
2183
8478
323
9887
4349
6195
2803
4501
3004
1418
6859
1188
5103
8712
2557
9170
1195
5614
4876
109
5500
9634
1131
1165
3081
8584
5518
1583
7849
4725
2238
7783
9756
6240
4012
3710
3968
9741
2159
594
1777
105
5568
3114
6251
4432
7140
4340
5714
9804
3368
2339
7419
4407
9564
447
9396
1770
1779
7024
3941
8582
6238
4431
3744
36
700
9382
6471
9546
7028
6130
3172
9620
2866
4903
3730
6430
7154
9263
300
1194
6828
670
8360
8329
2772
1216
2127
6
9994
5801
4097
9498
9749
3692
4422
7033
913
7819
442
5686
2463
6194
5495
7560
5377
2984
4870
61
4582
8558
8341
698
7281
6595
7629
2541
8378
4628
8880
6452
5408
3976
3603
2062
4676
1331
8701
5938
3963
9512
2714
6718
1595
9387
4623
2105
7781
273
5046
96
1155
9249
7596
3970
6418
6601
1486
7343
2360
2358
8023
2142
2254
7994
9841
9152
6407
1521
4645
9394
7234
5638
78
8378
4978
6737
4937
9574
8237
1675
767
285
6286
3767
6925
6084
8157
8661
8590
3814
6862
6845
5026
33
1822
3484
4761
2957
4051
5455
1283
615
3378
2349
899
7434
4604
6356
5747
828
2110
3467
313
8160
5605
4847
6752
2005
6977
8599
8375
7117
2176
1142
2295
7951
8280
9471
6312
2372
9530
3934
9348
8065
2346
4347
6457
3947
5709
2370
3083
5919
5238
1137
642
4196
3082
4110
5149
9710
8032
4203
55
257
4640
722
5448
2579
7565
5530
1969
5363
7002
6840
1311
2550
6223
454
6249
3970
9861
8638
7047
2155
6257
2585
8725
8954
907
641
8358
4404
8158
2520
4727
9062
8799
2245
5681
2432
6939
3591
3909
7256
8011
1528
3073
2112
6737
3571
1294
2521
9213
5777
5808
2107
5397
1372
6340
9309
9225
7576
1849
8229
5623
1940
1933
691
6186
1574
8273
9909
7573
5322
1570
2628
7351
5666
8104
5217
5271
5581
793
9392
7104
1847
8344
8873
7538
9847
8846
6453
2387
4874
783
3992
5722
390
2367
450
7165
8063
1798
4949
9080
7131
5172
7745
354
9830
9921
566
1641
2969
7296
5133
4571
9958
6857
3910
9681
5104
5042
4656
3228
9415
485
5706
9016
8756
340
8362
5716
4987
7286
4447
9187
4356
5982
8018
2812
9632
2018
975
9728
7843
8056
208
9967
6321
6212
286
2158
6582
6491
3077
5423
2824
1040
5257
3070
3689
3097
7302
316
2631
1996
7553
7728
1269
1972
9957
1303
1009
3735
9135
6433
1829
1689
8671
9511
535
900
1873
7645
9352
9363
3399
1900
9674
7236
9026
1405
8300
1302
112
5488
7101
8306
7169
6488
1573
3552
3886
6045
2722
7879
1992
6602
2959
4367
1952
6921
1554
2133
2498
4658
29
2973
1662
9085
6655
1357
7156
6435
1947
6529
9056
362
5270
6520
3143
3593
5530
4219
6092
7351
60
9046
7120
627
7405
5595
8153
652
7483
8482
2525
8965
9303
2627
8419
6242
3756
7012
951
2221
9455
2517
5674
7610
2895
4980
21
9820
765
8292
3778
208
9325
6981
336
4947
3609
4136
7402
1797
1014
5758
9052
6061
5923
4570
6788
9334
8428
5226
9306
7089
5287
8155
4939
3791
2112
8883
1131
4442
7022
1968
7433
7792
7769
4556
9183
9210
9447
4905
3881
5686
6324
4770
4492
3464
1839
2472
1251
3316
8421
9124
570
3539
3520
2998
1417
2273
790
2888
9617
5375
6483
3866
6657
6490
2867
7996
6447
8641
2454
9587
7370
1842
1087
1032
8991
3315
3590
1729
3485
9926
6642
8696
42
6904
8546
703
4670
4074
2664
2517
275
4615
3262
6232
2702
9916
3403
9194
3127
9600
958
7563
4893
7124
9128
7033
4634
4184
8724
8070
5505
3790
9360
4040
7387
1616
4620
4123
7120
1614
4104
4478
5587
4801
7745
8517
763
670
6667
9157
7799
7995
4313
5037
6605
2721
2393
8610
579
2332
5837
4643
184
6197
255
2387
3709
6297
6894
5179
1899
8210
3067
278
9930
2755
5498
3593
9882
630
7083
3636
9763
7501
1542
5421
4553
9353
5910
5620
694
9141
2037
6232
6237
7718
1286
4894
677
8456
2993
7845
2585
284
6668
6105
2591
5694
4802
3449
9394
7545
8041
1449
8270
6201
728
6216
7113
4469
802
6507
6064
5274
1672
6373
7015
8730
2005
9656
1588
3089
9347
420
650
6390
7514
8315
4684
2974
9117
45
331
1613
3065
5988
2067
9333
7251
530
3803
6837
5246
8593
4554
8131
1458
6285
7915
8477
6402
5015
792
1758
3102
6532
6468
9936
1063
3167
3504
8397
3258
9871
7518
4782
7818
2844
6524
5323
7845
256
6830
8571
2308
40
6513
4427
728
9156
8994
6144
6867
