7346
8938
8142
5927
9222
5628
1317
5679
8300
5165
4717
1820
6761
8205
3174
535
5620
8152
9597
3860
8208
5477
1854
7102
8755
2313
3249
851
275
8136
1387
4872
3522
328
4463
4618
509
629
3198
8734
6010
980
4321
1594
22
7483
3184
564
183
1041
7372
7202
7501
2598
4094
3630
5622
8263
5038
6127
1840
5976
2408
5245
8981
6420
6902
2056
1917
4535
8393
2072
1794
7309
8611
423
8065
3356
924
249
4120
3579
6587
1312
9280
4909
5214
1472
387
9842
9350
5329
1639
6460
2667
1995
2539
4031
7784
868
619
9397
7593
5262
6024
4515
6965
5629
2854
4303
6554
2303
14
8000
8928
9121
785
1205
4065
8703
2961
6455
5288
3581
5000
2027
4664
9545
4441
46
7256
3510
5305
2295
4291
461
8963
829
1029
5415
3895
3008
8779
738
3388
8689
5099
6697
1663
6184
9932
4566
2047
6886
6842
2580
74
4381
7036
1037
1194
2299
3818
4765
9254
1129
5318
4243
8284
3146
8116
9031
2867
4265
142
888
943
8792
8388
7904
1976
535
6928
3967
2284
1854
3938
8161
7256
7945
4634
5120
2602
9613
1649
4015
9545
890
6824
1103
2524
8710
5606
3035
5969
9682
5484
1077
8761
3047
9805
629
3327
3624
1261
3625
1342
5513
1840
9768
5457
9773
469
9041
3736
1090
4446
938
6888
2489
1223
2455
1631
5372
7580
1899
586
8787
8778
7105
2511
869
4837
4237
153
3278
2528
6259
3316
8363
2895
2951
7478
9329
6009
2904
9482
1697
2514
2466
9232
1717
1828
7180
4544
4369
2231
7350
1288
2576
9395
4442
4236
1818
1762
1636
9702
8417
3209
736
4989
3517
7078
571
5287
5503
7091
6841
7376
2228
8251
7717
3713
4054
5414
537
1579
4397
9470
2371
3778
4980
8727
6644
731
3223
4702
3680
2872
2127
7106
445
8598
8690
8445
5615
9369
7489
6735
458
4806
875
692
9079
9968
8762
3790
3910
7211
7986
8457
3604
3153
6310
7810
2556
4180
3639
7011
3987
8279
9779
3920
4899
6819
822
8601
1005
259
3635
7411
751
6537
1070
7067
8510
3469
7292
6395
117
3754
3456
5436
4896
8487
9437
2649
374
6016
2422
2314
4611
7705
780
5765
3321
4207
4765
8889
3607
2484
8122
1713
8451
3283
5484
7152
6281
1556
2460
1187
5359
7489
9816
311
9534
4775
6317
2825
6588
4181
826
5068
6367
2365
6312
2477
5802
7838
7401
9775
9252
5585
9931
113
6318
6354
8688
479
1237
2529
2470
715
6095
4925
7733
9786
7426
8841
7302
2539
5593
9691
5641
3417
9798
5769
9746
1501
5972
9017
4491
9375
1964
2591
7837
9693
67
199
3779
1285
5422
1819
9864
3565
4945
9474
1968
4905
1476
2141
7259
5470
3607
2466
228
6046
8599
9965
7923
4548
8259
5097
1736
2556
4939
2225
820
739
1537
8763
2165
3992
8427
9411
3646
1172
6637
7255
2643
1359
9043
2227
6444
6057
6036
2376
2470
6135
2457
6168
6586
1382
8394
8850
5520
6564
617
2839
2560
8073
7770
5786
5352
8668
7259
2455
1722
6308
5945
8967
2739
8878
8128
1943
9790
2361
9878
5709
2884
5865
4027
5358
1712
5991
9253
1719
6732
8560
3308
7466
7231
2017
8042
1331
8761
6637
326
8752
9210
6518
489
2945
2522
315
2902
843
4801
5671
4254
1918
7872
9230
8906
1935
4075
4067
9241
6797
7740
5430
2164
726
7733
4339
3248
6300
8374
5033
7183
6908
8258
9608
3484
8361
5573
3713
8133
2737
7506
6466
1947
5922
8687
2618
6203
1908
7253
6968
4535
3567
2753
9518
867
6979
4021
3114
1941
733
1054
8720
5040
6264
4861
8155
8853
1367
8831
5377
2567
9259
5471
7574
1719
2700
4689
8630
7153
9857
9415
2298
9747
5246
2752
5823
582
7248
7961
2561
9956
8923
4823
2850
7433
498
3483
3236
604
3164
224
3187
5793
1978
1805
2986
8323
5047
4498
5744
5213
2162
5106
8791
1722
5994
7206
9205
855
8352
8863
4343
5453
3543
1679
7709
5934
2641
4536
6421
5903
7358
7411
200
444
7825
2394
6039
2981
9041
6484
1943
682
3266
6509
833
3520
4205
4906
4679
1536
6524
3280
1889
4894
8031
8517
1689
5138
8840
5545
9312
3296
3334
1019
5908
7409
2063
8778
3965
65
982
6986
1378
6350
9364
1488
7959
2677
1046
8318
1490
8060
8056
2227
9994
176
7569
3372
9774
1811
3776
4993
1963
7162
3016
9392
8223
8728
5584
2801
5888
3057
6413
7263
843
3650
6163
1741
2026
109
6165
6643
2351
8463
7142
8457
2242
4877
7147
5067
8869
8687
9877
6761
7777
9405
4193
1936
2960
7012
734
2093
5719
4978
8860
5409
1528
101
3174
382
4351
6914
9671
2927
9351
2913
3408
3649
8590
5936
7202
6334
5047
6545
8607
2027
1850
1053
8137
4057
1061
2562
3550
1094
7314
1662
8585
4597
9925
1583
9395
2369
1895
1343
4556
5821
701
7509
6495
514
1942
9282
180
7327
7634
6059
5653
5181
331
7148
8044
1516
6474
6987
6622
1203
5447
4532
7384
8869
7862
3804
5305
8545
8592
3516
5036
8693
8592
25
5272
4290
3472
1216
2012
5768
3047
4652
4862
8891
3605
347
204
6738
331
2129
6826
2724
7371
1573
498
1092
316
3829
2098
8705
7320
4676
2548
5948
4573
2003
4514
1899
91
9700
2032
2946
9389
6832
718
8870
5145
7791
617
8303
9319
8865
9895
3156
4221
2248
4000
6692
4118
7666
3223
7704
1368
1194
4633
1302
4271
288
4623
7833
981
3091
890
816
6453
7647
6410
4935
5043
1287
491
2718
364
9020
7092
4512
2080
4347
3971
7363
7845
3000
6228
5465
8326
3854
9135
2098
6706
236
9733
9899
4542
1801
6579
1948
8940
784
4667
407
2146
2793
5934
8212
2920
900
8615
4230
3450
4389
2654
5604
5065
7344
2840
6165
889
8906
462
5034
6185
5040
1926
6090
215
2008
7274
6455
2106
2209
4015
7824
3412
5860
7567
6050
2376
9108
4546
3732
7932
855
1142
4564
1381
7096
7001
1366
1164
4168
486
8806
1291
8829
9389
434
198
1692
7214
2227
6364
6147
3196
7851
4914
628
1857
2690
6113
1339
2085
2320
3542
274
8990
7557
8926
5263
8259
5315
8258
7635
3642
4074
2637
5305
9210
1813
2959
5747
5220
6472
7924
1067
3871
9074
4028
2097
4852
1746
1288
7968
3082
491
2545
5415
2102
8371
7786
8894
9093
1345
6246
6057
4059
1427
6947
3485
2524
7204
6340
5999
7411
372
8378
4889
4504
6319
1379
8280
6729
5190
5051
546
2932
3938
7305
8243
5482
9111
413
4284
9643
4913
823
8565
8770
9201
2888
509
9629
3427
8523
1565
5224
2213
1385
4960
213
458
9268
1016
6472
5255
6713
5016
8636
9808
7301
8973
5082
3411
7494
7781
7572
6338
2749
7040
3161
8371
5973
9255
3836
5278
3158
678
7352
1167
2497
200
1869
300
5578
4360
189
7771
7349
5312
6268
9816
8825
7915
943
9759
9220
3338
9081
1771
9498
3642
7418
7381
4649
1471
7127
6629
9167
6493
5282
2468
3526
3992
129
9371
1863
2165
790
2634
4848
6944
9602
2933
3950
1286
3322
931
449
397
1702
6246
3688
9099
8280
7167
2506
6566
6078
5214
4552
9552
4996
3559
1519
5783
4202
3298
562
5319
6823
2774
9060
5120
6936
5098
307
1347
8987
3977
7439
8756
2832
7416
8044
485
9406
6071
1624
9107
3973
8003
3884
3382
4750
8297
7270
4773
2785
5144
7844
7760
6180
4847
3189
5004
279
1771
5602
4483
1281
5415
97
9776
4149
4891
2180
5526
3898
3726
7933
7886
1151
3715
8830
4661
4714
157
2363
3056
1454
4974
1864
8384
4632
1572
8493
537
6060
1409
612
5276
392
7366
2135
9030
5507
4339
3199
2220
5322
636
8389
9649
9713
5302
4805
2649
3130
4958
9251
8451
5956
3038
5574
3432
4585
3627
4158
2125
1718
1436
8292
9881
2845
8436
9109
3550
5744
6168
7795
139
7696
5302
8424
7687
3825
4328
6990
4945
3748
618
5125
3623
2425
1708
7737
2442
3007
9180
7934
7056
881
9661
1262
5313
6448
51
6252
76
8620
1282
6533
6323
5958
3806
1943
8075
4110
7929
1957
8062
7026
1329
7468
498
9254
745
4676
1232
4902
2244
986
1069
3408
4952
2298
5369
3083
491
1525
577
9197
1460
6071
406
2502
2969
3119
7124
5582
3503
10
4468
6844
2992
3234
561
7040
5732
627
1939
5386
2906
1413
8982
1165
7589
7791
6343
3744
1754
2893
7240
9481
8467
4786
3301
2287
1592
4483
961
9869
2858
10
3397
2262
6723
2150
5007
6308
4324
8869
4055
1146
9266
3608
178
6484
1243
8282
8305
2992
6391
4418
4082
8096
5086
988
2703
5983
4153
8897
4173
9551
8323
7938
9651
6746
4795
1690
5289
2567
1181
9684
3941
3868
5640
770
100
6939
3230
5486
9623
3014
8028
3880
2119
4611
7081
5909
589
7161
6174
6038
6866
9405
5294
9812
2836
6747
7808
3700
8960
7291
5925
1424
8787
7312
9190
8990
9290
1976
6261
9825
5799
5902
1893
198
2373
8071
1263
7824
5607
6278
8688
16
4574
4721
9953
9899
3704
3164
8468
6552
9792
6168
7293
1753
2992
8249
7151
2729
5078
1178
8169
6860
4875
6961
228
8546
5494
2083
1108
2985
3789
7331
4365
2402
5454
596
6650
9804
4554
2493
7706
1598
2581
5354
5928
7032
9986
2168
3370
9511
303
7930
5847
6288
8905
3040
5231
8251
900
9665
1294
9399
2838
1049
5736
1944
9021
305
5472
7727
4727
7650
1599
5008
8919
7849
1832
983
3271
4510
5992
617
3015
8537
5465
9446
2213
3297
2535
4834
5634
3268
3861
3621
5155
5018
7644
8488
9679
4161
4910
1871
4956
3006
3246
1489
9120
467
4620
6774
2626
7792
912
7329
6328
6632
3035
4576
2533
4144
5398
5012
7154
7209
5332
5912
9936
6385
7855
7620
4671
7411
4152
3046
1217
7714
7560
2650
6062
2864
3180
7073
7776
5000
6431
7833
8656
3202
2486
5531
2328
5248
7927
6903
7359
1437
3249
7757
3642
6781
1086
3795
259
6245
4259
5819
6916
6877
663
231
4448
5896
6708
4402
5777
664
1171
7025
7720
9728
9258
4843
2721
8826
5069
7551
9384
4436
9209
671
368
2197
8961
9067
3951
1493
216
7605
1949
4578
9160
9048
163
8083
3630
3330
1122
6900
8623
1139
9603
658
7550
9089
7352
2126
9102
5333
3151
6234
2237
2247
5456
4377
2627
2483
7590
5523
2353
3743
9749
7174
215
7125
4497
1518
2111
6549
5124
8206
2099
2124
7588
4280
1966
3053
3001
5947
3012
5651
9738
7333
5092
4708
1530
3212
4828
9379
8328
2523
2611
5644
8778
7339
835
8830
5316
4030
1329
7574
4533
8122
4084
5386
818
8354
5868
2447
5866
2617
4224
88
5114
6610
5772
7697
4045
8591
6574
1583
3114
7803
7667
9620
5279
7115
6302
4308
407
7852
8687
13
4836
6751
4448
8483
4586
8904
9953
9380
2897
2637
7366
3260
561
230
7287
4149
393
1297
6984
1193
190
8101
4843
1355
6705
3197
8986
4719
6788
5000
8037
9895
6964
4550
6207
5099
4959
549
331
5427
1538
8995
7894
7454
4505
2313
7599
6228
9235
8916
6310
6025
6735
9613
3600
6019
2832
3402
6793
8878
2004
3448
3708
5727
7338
6153
9426
8806
5380
3163
8772
6191
5338
4064
2541
3318
1084
6312
1116
1669
1075
4514
9735
67
1322
6705
711
2219
8203
7927
4408
8492
652
8265
3357
3153
9650
8651
183
1900
1461
8278
1335
6455
6023
7477
3316
3399
8627
6922
3257
3553
4799
407
9113
8699
1842
8013
4675
903
7592
2219
2657
5645
9052
3466
7510
3568
4292
413
4842
3337
7886
7975
6751
1770
2089
9406
9373
6963
6915
8240
6039
4589
3854
1012
2302
3489
6378
229
4755
2350
1820
9988
6792
2966
2483
8059
634
9598
3855
609
5065
3561
52
999
931
1108
3468
8632
6085
6253
273
3500
3566
2164
8682
8431
413
1169
7381
3008
2160
9631
979
1136
4091
8590
3491
7888
3702
9447
4022
9918
8470
1857
6013
8613
1960
5930
6631
7478
5344
4280
1838
2228
4538
8224
779
3336
5394
3079
3893
4012
80
9111
664
949
7602
1456
9039
7552
3686
2031
1285
7103
1031
7117
551
2757
1856
7368
7543
2727
8975
8247
3108
5348
572
4912
6921
2630
3611
5651
5372
5850
941
9655
461
4911
7085
9000
4941
3094
6898
9368
7081
1460
4981
2686
6232
1233
2445
2153
8990
4843
868
1720
6509
7701
3479
6971
1436
2019
8770
1817
7229
4457
5980
8895
8197
7789
7633
8240
6147
6933
9779
5117
2192
834
5669
7997
7562
5255
817
9797
8386
2215
2587
2635
1526
5192
3006
9886
8534
6505
9418
4174
446
5598
2074
9013
8715
1273
1131
4561
739
4068
9463
4703
6828
1833
4990
4949
3564
5956
8007
3130
7999
8510
1348
1919
7
453
7365
8668
4522
5223
6756
7969
3241
8652
5509
1138
674
6006
2132
4289
6256
7094
2177
2382
6439
6055
2014
5615
8674
3001
5877
8932
3478
1619
2454
7869
106
7184
8611
1616
6182
6474
3625
6458
1754
8026
3071
294
6475
3166
5119
6351
808
8765
3997
4318
5318
6916
4644
6858
3908
2992
7950
8203
4108
1959
1002
6579
3579
4291
6331
2375
7780
3565
3598
741
3736
1745
111
8464
4629
5301
9462
2532
5754
9316
2881
3990
7
5967
8101
1154
132
435
6066
812
5861
7598
4042
7169
4415
336
9448
1361
4599
5469
6395
7025
4976
1717
221
9891
6269
1686
5112
6619
4089
7406
8972
9244
7457
1295
3262
1861
7218
5561
396
8969
8777
9266
7223
3874
6586
8640
1977
7661
9612
3272
5801
2267
9534
2389
2112
1901
2560
4989
8755
9184
1534
6416
227
1201
7819
4369
6122
6927
139
3970
3244
8358
5323
8690
8506
3621
6082
4205
2599
5254
4384
9302
6862
6294
8131
4195
3269
7163
1843
9783
1507
7021
7506
2929
5893
9043
8279
982
3033
4164
4971
3425
8351
3628
9555
8098
8145
2276
3993
9509
9543
4264
7462
5124
6887
3894
4036
5393
1717
2975
7657
8697
4993
5550
6599
8070
9395
8325
3186
6963
9309
5301
8066
9963
7571
8507
3269
1323
1566
7639
7919
2225
4551
2492
9997
5591
2680
1187
645
9352
3960
2657
5363
3009
8790
5917
4352
2949
5809
8512
4219
1724
8180
9620
6828
4719
4415
8344
1572
9720
6019
3338
9661
5361
858
4800
436
5931
4028
4900
9277
432
9725
1451
7068
4756
6881
1354
231
9204
8765
2754
5438
9922
571
1125
3324
793
3302
3875
128
997
9339
2028
2780
3139
1645
6028
9379
5773
9515
5381
6823
3215
9347
2509
8593
9959
768
6372
1889
4612
6197
5074
8010
2950
1497
235
5005
2337
8703
7139
2839
639
6006
2339
8007
3534
6024
6957
9144
2797
6176
4393
5207
59
5655
394
774
1314
140
6706
3864
5940
3570
7550
6247
1185
8574
5454
1276
6729
4326
2873
6283
7274
635
6982
1881
3579
1415
8871
6315
7509
4344
7257
5552
6365
2598
1784
8999
1855
2459
8926
4065
8535
2675
4461
2661
3070
2322
1855
9740
5334
8342
3046
7036
7075
3959
4120
1718
5911
7910
2918
7563
9708
2816
3331
9743
8332
676
857
3893
6106
4252
2778
7254
4622
1844
8542
4230
1958
744
9919
1878
1545
2697
7003
9620
6209
753
984
4527
4530
9455
2567
8391
646
2428
6978
980
7540
3993
1619
3966
4026
1944
5375
3095
9850
9167
8126
9696
3128
8776
5985
3495
6968
690
4880
4913
6974
5707
9328
3549
3269
2473
6168
2996
7593
2019
9042
358
4163
7384
4355
9040
9791
8513
4398
1086
8487
2236
7105
5713
9588
8228
2252
789
8886
1823
963
5751
8892
8892
639
1938
4598
7838
2140
1103
7999
1070
5458
2162
7876
6943
4031
5620
2437
444
1975
2789
7404
7789
3316
9169
4621
2872
8678
9401
3669
8831
9703
60
1113
4550
3671
1964
252
3245
5791
5294
4779
9196
2212
7104
8933
3351
9036
8786
1069
7473
6993
1304
6000
4851
977
2260
3880
5930
4353
6936
74
9597
5693
3856
7793
4432
7591
1530
6687
2765
7547
2331
1103
5089
8520
9966
2568
463
6653
7274
2672
1562
7212
2502
6220
6749
5047
6977
2169
4217
7946
7252
4122
11
3730
4511
5980
833
575
9776
1676
7995
4021
5871
2526
5321
6051
4240
3706
6690
1168
7444
8806
8006
6584
967
4514
5920
7722
2266
116
6623
6235
8006
3803
3188
3406
4392
234
6665
9290
6354
3832
8048
59
8393
2677
7797
6113
168
9452
6447
3505
8245
6765
6680
8950
1206
3944
921
8957
9860
3818
6956
6005
7407
7875
5507
3764
6588
8420
485
4573
7526
9091
6282
3739
6845
1368
1881
8496
2369
8024
1503
3132
2131
6998
4418
3257
3822
6246
392
473
1054
1971
5888
144
8923
585
3094
2094
2996
569
5095
8893
7768
9701
7185
7070
3642
3575
6337
6105
200
9128
2068
7020
4073
1695
1851
660
2016
8480
8844
8724
1844
6405
6792
7868
6647
5546
7615
9998
4670
1382
2036
9051
7756
4732
2179
7285
9184
9212
6466
2253
2787
452
1697
3254
4428
9243
2361
5172
3109
9963
2890
4676
5454
596
9339
4394
4862
4862
7266
1979
2628
9550
7703
7095
8342
4047
9132
6812
9296
6980
5405
8743
6574
384
3086
6578
9116
6416
7394
4117
3421
2503
6608
3282
561
2916
8329
1741
1155
6212
177
1336
8813
3364
7658
1303
7655
5508
5389
7929
2773
514
860
1024
6063
3140
1801
8325
7180
3478
5500
3288
5251
1942
5644
1565
355
7115
5860
6096
248
5623
421
3378
9537
311
2180
2916
2848
8099
5286
4100
516
9790
6233
7219
6472
3936
9686
3102
846
1161
7873
275
2364
4656
8320
5451
872
5168
3573
2829
5673
9376
5884
5980
9096
7517
8775
7720
7199
8630
4529
7093
4322
1088
4169
1300
6554
6348
5122
8862
2331
784
3216
5941
5085
3661
3136
5784
6103
7052
6293
391
2457
9809
2293
9352
2079
7872
1349
7461
6809
4976
8432
9382
8050
9089
9499
2479
5138
7666
5592
5079
7483
9572
1486
5762
7072
9188
6488
8695
5797
1956
9833
7348
1488
5140
1620
5338
9779
6284
4911
7858
1773
2176
9754
6287
6024
7042
6792
2006
5474
7853
5898
1661
9909
552
968
8079
4393
2785
5821
1747
5880
5929
4939
9456
4749
5418
3646
5056
9040
4922
5946
5279
4581
7778
542
7845
3718
977
9272
4033
9853
1528
8653
8550
9216
6346
1873
3340
9059
7794
2372
6434
9396
4877
3005
1701
3407
2361
6296
1358
9089
9193
1536
8139
3793
3131
9457
6404
8940
1780
4481
8017
7960
9639
6666
4873
9813
4901
8784
8138
6949
2038
589
9039
6820
9255
9810
8639
7479
1392
9951
5794
5086
5090
3380
3686
1961
9640
3993
5252
9518
9067
4942
3796
5649
8287
5953
9677
1522
5103
6037
1900
9683
3966
7661
6452
5595
8032
9839
5607
3389
8343
5693
9607
7497
6245
5173
4368
172
165
1884
3739
9280
1954
9763
4342
6779
2231
2552
4384
9120
2219
9293
721
4494
3393
3310
3816
1411
2531
8564
3076
3568
5986
1079
9303
5370
5982
2137
9108
4789
5407
6701
5172
8904
5720
3160
9112
2207
4302
1570
1552
1707
6924
9844
4181
7293
2373
6626
7276
8912
4642
3543
2835
6746
5620
6632
2095
105
5808
7785
2241
5871
44
9292
4680
8857
411
9515
4835
8446
9748
2221
8516
368
3301
829
7806
3612
5989
3698
2161
1728
4749
961
2646
6195
3482
9675
7756
2094
9200
7353
7936
5859
7637
8331
1834
2385
5373
3977
4628
6715
3113
4925
5494
5612
1010
7162
8622
8005
9366
7587
3577
8766
5451
4332
9936
9050
9033
6084
3387
8434
263
4772
6077
6380
1339
85
1887
9944
1789
1601
5387
3938
2931
1483
8823
2070
328
410
9391
5719
1142
9301
4974
5130
983
9974
929
3611
8151
3171
6274
7281
4926
7837
2769
6194
9861
2452
4779
2703
9369
8736
8408
6286
7952
1713
8715
925
8259
3971
3391
6159
3178
5762
2050
4043
4346
4139
7525
3280
5617
8656
8521
7494
7902
6155
1675
9304
5697
2149
4506
476
3702
3561
5038
1193
3354
405
4066
7032
342
8437
7944
8094
1240
3059
3109
1560
5761
7464
9247
4926
3948
7530
994
2145
5477
7105
8102
3061
1645
3442
5460
2850
912
4010
8279
4070
3162
4152
5584
6338
5668
962
6677
9815
9073
2068
2425
1643
1932
3659
1954
4156
1134
5912
8395
3065
6731
4934
7694
8463
7123
8691
2909
7054
5328
9123
1648
410
1159
152
7809
3715
7433
6696
8570
4628
2414
9023
579
2118
9942
4173
2529
9622
1760
129
6361
723
2235
9977
9870
5387
8559
8944
1960
704
2925
8744
7881
3481
1299
7601
5504
4199
786
7149
8143
9576
6764
1850
4025
5339
1013
4570
7310
3049
1210
3289
5543
3838
1649
2914
3337
8976
4252
7122
7575
9605
748
3716
7313
6217
812
5879
7773
90
1380
2383
9325
2690
875
5012
8239
3739
9701
7203
9126
9170
3776
5466
3473
7225
2166
5140
8870
9830
3779
74
358
3366
9186
8683
3123
2902
5646
2433
591
261
9503
2117
3830
2600
1590
6015
8732
4805
9852
6854
6036
2432
2319
7399
1263
5920
2587
6788
7033
1772
4993
898
3354
7072
1504
5617
3977
3965
6635
8107
7402
2544
294
8972
1574
2411
8932
11
9696
6248
9939
1350
3911
6597
2976
5356
9848
7605
7352
4293
7617
7632
5263
5666
899
7721
5967
4779
701
3098
2816
1518
601
1585
8353
9571
2544
9788
3266
1003
2778
5325
4400
7273
5949
2364
8190
9704
1490
9996
3113
4685
2035
7528
5988
8928
5449
7675
3098
8331
2037
592
3845
3353
9039
3784
8325
3954
6617
580
5983
121
3094
5809
329
2897
2676
1923
5244
924
515
1425
9908
7563
4856
3931
6899
9583
6375
1337
8658
55
6277
1306
1789
6023
3382
8225
6031
9582
4475
4752
4657
3477
1060
1799
2317
9602
7529
6923
2886
736
6179
419
8992
6623
8933
4903
751
8137
5417
9747
4971
6164
9085
5688
9680
1838
734
7625
2316
5699
5273
9266
7557
9238
5083
437
9903
389
7
6986
4659
5820
8164
3095
408
1679
3465
3050
7420
3162
7482
862
2808
8105
9308
9335
5742
4544
2536
1952
7517
1596
9409
2659
7990
3498
4147
6382
6269
1048
9861
2002
1089
9468
799
8807
1702
630
617
7322
330
7698
5900
731
3228
1583
3285
5124
7194
9681
7192
7348
6312
2694
1805
277
862
1879
9482
5199
3511
8462
5591
4421
7449
6320
4794
7142
9190
5824
7363
3835
2623
9610
8510
7985
2123
7734
2384
7590
1913
7013
8980
1833
8375
8638
7108
3062
9954
3574
708
7246
2674
9744
672
5792
172
1007
2226
6351
878
4525
1294
9602
918
4926
8073
5218
571
1361
9613
9655
8459
3691
9264
7640
9448
9106
1284
6437
306
9220
7879
8861
6090
6819
9881
3786
4816
814
9500
3467
7373
3543
8911
4331
2692
8394
3292
4087
5074
4502
8689
7492
1106
9499
9273
9568
3411
5795
5903
1338
5016
2563
8608
2582
2543
8677
3800
8988
6950
8404
5656
4387
5833
5677
8512
8835
4228
5056
6375
6973
7384
1377
4799
1794
4503
2344
8653
5976
6387
3225
4858
9576
9357
5445
5063
793
7915
2052
5806
1610
8116
2251
5882
5144
4
8720
8048
6058
7290
4490
1587
9059
948
3267
5750
5229
7228
9894
3377
6469
8350
3562
7622
5459
4841
4774
6682
4421
2221
1146
3228
3900
712
7090
2681
9392
974
3622
7229
9053
602
6919
411
3915
2428
3400
9876
1813
8642
9090
1941
9043
2935
7668
4674
944
1731
851
44
6618
8023
8526
3627
6120
427
6041
8531
5849
3853
1102
8199
2368
7505
8950
3762
7418
4028
1116
6492
7202
3171
1776
6894
3896
3151
713
6725
1677
1914
579
7465
8583
3262
8268
3961
5058
5245
4962
1727
7374
7306
7322
540
1935
8689
3929
4802
2070
1152
513
9089
649
180
2229
5974
4109
4484
2732
2515
8437
306
1445
3225
467
7930
8128
7986
5252
6924
2192
3471
4025
7208
8177
544
5736
1600
6379
7156
4683
4917
5264
6056
1497
3328
3491
7607
6967
3384
1780
9235
723
5860
5345
4860
7442
4824
197
7671
9893
404
8174
2448
3965
7637
4961
1834
65
2029
2225
6970
6051
5700
7619
1009
7680
2174
6346
3825
874
6781
773
2256
5583
6204
6819
2173
3620
767
3596
690
7578
2905
811
8741
8926
6027
2012
952
6375
3000
8665
6565
7574
5588
2424
6561
2843
2039
9306
7981
5536
4612
8482
6602
1051
3723
6592
8169
6243
3437
4367
8002
3703
3983
8679
823
7925
118
3871
2733
3056
1940
5656
8389
1148
1711
5920
3241
5579
1818
5802
9747
7155
7585
5174
8696
8286
9617
9363
4965
4268
2364
1390
4782
1008
8998
9672
5661
4468
9420
4604
3900
9345
1229
7011
8240
6972
9895
6746
6440
6021
3313
5623
1268
7806
2566
4513
2264
682
4663
608
6579
1186
6683
8719
3756
5889
8653
8099
8159
6499
1916
6466
4279
9907
829
3010
7296
3303
4886
1358
3336
6086
8996
3565
2068
3630
6410
514
282
8555
6722
3689
8176
9542
4770
9169
2751
2663
474
7621
8494
3781
9890
6802
8651
7083
3640
6989
7811
9148
6232
3290
1481
2223
9198
1345
7375
1049
5591
4557
7742
1697
2669
7572
5548
8688
9497
422
7993
6603
1132
3261
2693
9161
9048
223
8983
2232
5192
2252
4808
6747
4216
5913
871
8621
5606
1808
5658
5340
7194
6613
1345
4580
4303
8875
900
6944
3984
2657
8011
2556
4546
9844
6718
3280
9951
8031
8347
2364
9986
3409
2475
493
9086
9567
2065
8576
4707
335
4809
6642
4399
8947
3294
8640
852
6709
3622
9775
140
6537
2320
8687
1276
1237
9752
8506
9170
2550
4037
7978
9723
8407
7664
4890
3730
2789
3679
7019
4049
6765
6413
9930
3204
957
6798
8834
7008
6532
3643
3594
8447
1661
7780
1273
1663
3248
1265
5299
7469
2397
7868
1953
1309
1151
8227
1543
3242
3581
6443
282
6161
5826
5706
1047
7411
3564
7341
8380
1672
3889
3391
3109
461
3992
797
2443
1783
7934
6088
4598
1286
8597
3430
8978
3741
7464
9975
3106
6798
6015
3334
5741
5241
4238
3897
9019
3555
7622
2799
6378
5804
6241
5930
9959
6713
63
2360
8309
5738
6418
756
2149
7252
2624
5402
5455
1456
1285
7270
6586
1741
5819
8383
9199
6688
4176
9205
9603
5117
6117
9253
5145
5748
7744
3156
6027
1774
4602
8152
171
7885
6826
7055
6847
1142
3058
2242
8586
7178
711
907
5549
2186
8331
4275
5127
106
7692
8321
6576
973
2153
7534
3170
3510
3783
2540
3310
6101
7416
5653
2815
4004
7273
7839
4758
5027
7344
1869
1214
2265
131
3929
8524
2236
4179
4317
3857
6909
8598
5182
6756
3751
6810
9115
3019
925
8319
3749
1152
5657
5583
9396
906
5875
7129
8689
9393
2777
1647
4250
4002
1505
2595
8669
9807
3371
263
1176
1664
6937
1336
5757
3848
589
8331
1210
6997
3905
4089
2922
4292
314
2716
5091
5802
2727
6415
6836
1949
4676
7613
9033
7764
4133
3215
1921
4637
6198
9139
6248
1661
4425
6937
7140
380
2136
2071
6298
2535
983
3524
4134
6409
5188
9216
482
9006
7270
4791
7433
4915
3476
9528
4481
8362
3836
1338
6893
4611
4886
6645
7035
1498
2733
7960
6610
4176
4349
1115
7050
4585
173
5318
706
2825
8882
4460
4773
2991
8700
7596
2923
1448
414
8980
4012
89
2373
2251
9916
255
2769
5761
9627
6105
9970
5496
404
4904
5092
1003
3797
7208
9688
6630
3434
1790
710
7416
4514
7087
1935
929
2825
4563
1616
1279
7626
388
5864
6752
3712
5752
626
9169
3485
1330
7336
4385
6540
6288
4913
5589
2713
2354
7567
1592
5191
9841
2425
8792
6091
8081
5827
7064
5479
6914
9137
9353
8286
5599
6964
1714
2748
4339
2979
6093
7096
243
8748
7523
7456
1805
8012
3651
8917
7537
160
9711
1053
4854
1508
9430
4827
1321
7329
6262
276
7977
2473
7936
9624
5888
5232
9101
203
564
3478
80
3824
1488
5097
7725
2429
2984
2191
5825
5905
5818
5773
6980
574
639
5114
6312
5617
9066
8323
8102
4171
8048
9489
8975
1767
9395
7724
6934
7021
1863
1322
7288
5565
4557
4351
4455
6951
4408
1755
2823
1683
3193
789
8023
3267
8703
7764
9221
3193
5613
2828
5777
454
3941
1637
5564
3942
6612
4869
2028
8632
2982
3135
8380
6779
3718
1415
6790
4381
5936
4445
3939
9483
8282
1671
6616
9355
3718
865
9789
6314
207
2069
7375
6932
6527
1599
6620
5589
523
1021
2457
7772
5374
1279
8376
7652
5903
9718
831
6169
3380
2678
3888
3386
6391
1769
1352
7509
2462
8769
1644
242
2913
9861
237
1072
820
5799
9436
2882
836
2283
2874
6941
9434
3500
2681
3021
7552
1116
7838
1710
6778
6249
924
6676
8785
4066
1904
2020
1999
4817
4819
8523
392
7785
6509
5213
1740
7832
3956
4317
3361
878
9806
229
556
215
4777
5231
7235
1152
9666
7625
2018
6057
1137
1083
1255
8959
9256
979
415
1480
9932
9224
6163
1640
9432
2006
9507
8172
5692
5161
5606
8154
5171
1975
4212
8854
3772
5722
2031
9619
2864
923
4446
9191
6108
6137
9457
3985
5636
4851
734
77
6842
1237
9479
2909
7687
8451
2481
1740
6943
5312
2985
2675
8622
9984
5656
8629
7851
1466
3522
7672
9606
6075
1264
7651
9825
1721
6068
2258
1304
5744
5829
1190
2375
2968
4229
6391
7325
51
1929
9293
9404
5023
6927
3241
8337
9401
9498
5490
6588
2357
4258
2539
722
9110
307
14
4704
964
842
6785
4369
1964
4121
66
1887
4176
2386
9673
3830
8322
7599
1682
1860
5093
4595
391
8038
2935
8899
5347
9999
8971
4568
4071
2238
1558
988
4801
1871
4936
8493
20
9662
4432
7845
6235
5848
1846
2923
9354
5654
7959
4032
759
5888
1004
8255
1039
5630
4179
8059
7554
2109
6229
3148
3223
8744
8933
3068
7867
8397
5989
5447
3858
9624
1453
2271
9821
3892
2213
6372
4576
3958
7404
5324
6168
3046
7058
7962
5399
1697
7133
6113
3640
8311
2728
3209
1932
4507
4838
1223
834
9095
1621
147
5292
1538
3960
3606
2741
8695
5641
7040
2820
1348
626
742
5778
4547
7670
1013
9189
2384
6260
5907
3355
5210
4816
7354
7442
6449
3026
7602
7515
8017
9697
5139
1522
6541
8691
5741
7356
8116
6281
3015
645
3942
3287
3451
7678
2716
2387
5913
160
612
2572
4785
2541
7992
1700
909
9872
8956
4266
8076
4487
7927
371
9977
835
6161
83
8992
9376
4319
9020
3643
4683
8662
5916
3446
1128
2891
2248
1128
6407
7176
8139
2274
9528
2771
4044
2587
1817
368
926
4060
1491
2757
668
7290
9945
3433
8525
5628
6005
1396
7403
2247
3977
6616
1453
6962
7667
194
5925
4943
2016
3283
3294
53
2389
4928
5343
8853
2938
4730
9128
434
7736
8073
2652
1323
7851
8400
4933
2831
2438
3774
5597
7542
2626
1744
1837
6200
742
9808
1427
7166
8953
7883
7153
8907
2211
4910
6287
5798
5601
7285
7492
9247
3469
4746
4521
5473
7739
1717
2324
7213
3320
7448
7743
5373
2819
152
6615
4949
8943
6078
809
5257
2532
7572
4016
4034
2922
3059
3988
8214
4176
5001
4895
330
8618
5278
2150
4420
1246
4903
2657
4480
710
5198
1081
2804
5807
7832
6552
4378
2676
6414
3872
2516
3279
6671
9836
2621
2951
5282
6847
8862
6783
203
9269
6705
8120
1737
894
4599
2700
1343
2492
1957
6426
4910
7272
8171
1825
4946
4232
5169
4588
3559
3540
7640
7890
4815
5222
4827
8234
9713
4909
437
3267
7791
266
9308
6145
1496
7896
217
1083
744
867
7764
8270
7822
9664
6319
3091
8505
2566
2158
3465
8843
7145
7829
1873
3665
274
7243
830
9801
5904
5496
2187
4242
1441
998
2459
6999
5611
5088
8238
2257
2052
9455
125
9618
9038
6403
2566
6496
6004
8509
9445
6411
4327
9303
7798
8926
9363
3932
6557
4024
9469
2328
852
9262
8566
4772
2445
8346
809
5217
1065
2954
5238
6277
1993
6298
110
1254
965
2058
1735
8959
3801
8199
6723
162
8996
5840
1766
6631
3589
2296
9781
7455
5020
3416
620
2480
1706
2480
891
2167
5542
8290
8974
1615
8512
7812
9093
9903
8221
4342
4480
8632
9408
8150
3221
1590
2460
7888
9062
1713
5604
7728
3242
6482
6723
8837
1960
2114
1020
558
9048
3302
4789
1325
6552
4456
5676
8703
2901
7765
978
368
3097
7558
2652
5458
7983
554
7986
5739
2343
7244
7717
7407
1093
6683
217
9577
1515
4358
2175
9588
8024
6618
7598
5893
3314
6016
4286
1111
6409
3142
9049
2143
2020
6252
8985
4071
5428
9259
5100
8641
7728
3354
5584
8478
876
1676
5206
4583
2880
3213
1138
6770
4137
6907
6290
7540
322
4871
8661
3418
5996
8169
9260
5334
7691
4280
9384
537
8196
640
185
8998
4649
4267
2077
1737
5930
319
1400
9377
477
5818
6610
1241
1215
7571
3087
8912
1434
1395
5511
9446
7907
1427
9571
849
2415
3222
7290
8112
8318
3788
3583
174
970
9717
2070
3003
7304
3268
8877
4426
2188
9916
8109
3385
125
8559
354
7260
270
6491
1292
6254
3184
5451
2520
1972
6558
272
3822
5084
7613
3002
2711
4620
2712
997
1901
4545
2794
6796
2554
7189
3988
8708
5277
8612
4100
6806
5703
5745
369
9381
3554
940
1563
7053
2857
1591
4095
5113
5167
458
8813
1517
5017
1195
1704
3945
9008
5815
6901
1844
2327
397
4863
6328
7781
9968
7442
1890
4904
4406
8167
2830
4509
8318
313
9424
4110
503
8362
9475
198
6737
433
5804
2071
469
4082
872
6956
3855
8334
3423
1827
9774
6058
5660
4287
771
786
5643
3212
7915
7491
2756
1604
64
963
1541
7792
992
5579
3724
6803
7706
2646
3666
3386
6245
8217
2328
6346
2233
4470
9071
1119
521
2284
431
3762
4943
6146
2815
6220
339
4944
3554
8664
5780
8599
2168
1180
3410
2799
7312
7193
6241
7698
3283
64
2380
9686
8429
937
3687
2958
3906
19
517
3842
949
7884
485
6332
5456
3520
1586
7122
1831
7434
6984
9689
3806
8070
755
7549
6098
5338
1457
9284
2097
301
8527
2392
5337
5702
4143
4771
8296
9330
9900
8567
8527
8757
4143
4140
2942
7648
4051
8367
4573
2471
2665
6567
8090
8483
6981
6462
4257
7866
111
7058
3966
6330
2441
6196
7324
9271
602
7450
5060
1078
6885
9890
1120
1731
4979
5630
7644
1697
4986
3399
3336
6631
8838
8562
1118
204
5258
7892
6609
2484
8988
361
5098
1073
4863
8825
9764
3799
4645
7309
219
7558
1763
6459
1810
3645
6616
9277
3303
8070
7614
4843
9756
495
5230
3566
2911
4285
3324
7553
6568
8756
5178
413
2019
9306
4763
9905
883
9562
827
8659
1875
1711
2809
3891
1945
1182
1184
591
7181
9833
9015
1955
6656
3820
1627
9145
6514
2586
7764
3397
3312
3176
2720
1167
119
854
27
1476
5724
5308
493
4063
4729
4043
3564
8589
1310
4088
670
800
637
8625
5186
3586
3760
2216
4479
4679
632
6853
610
2975
8083
9480
9281
2207
3907
6109
4115
5545
3493
8840
1824
3268
5758
7706
2684
8732
9771
1826
6062
9581
9483
7369
4696
7604
5366
5076
9664
1175
1199
4548
3107
7690
8688
9437
3413
9709
3856
1195
3374
2991
4095
8087
8160
4291
5326
7058
2004
1150
2039
8180
3737
7390
0
3847
9763
2974
4422
5456
8375
1349
474
6708
237
6600
9902
8673
4608
2972
9865
7689
2173
6579
9258
9966
596
8408
3944
5964
7502
4643
6093
4672
7124
6542
8548
9497
1345
7489
1890
9265
1959
1423
6032
6583
9268
8295
6234
1399
1750
1894
5971
4399
394
1415
1752
1714
5215
4835
8266
8596
3940
8628
2216
2830
3859
6044
2343
8186
4392
9306
718
8205
140
4013
7370
5400
1751
7345
3465
5042
2299
8128
5019
6819
4916
435
4853
1696
1726
528
9442
2581
9487
4557
3084
2742
9593
7120
5067
3940
2609
8996
8962
361
7698
7730
9109
5699
5922
1646
1686
4982
6948
7440
9530
1396
5218
9113
6194
5327
1174
4454
9930
8425
135
9011
8936
7319
6410
1532
9418
9792
6990
4556
8592
8981
2599
8624
2436
7304
6138
6225
2281
7399
5610
2913
3746
3793
8723
7558
7384
5437
6222
2614
6905
5887
7195
3762
2796
5082
760
7798
4444
2638
5001
5732
2253
3791
6624
7077
182
2143
2613
6312
219
4254
787
4794
1676
8833
9435
8240
4279
9724
4941
1300
1449
3834
8846
4043
6587
2540
950
5319
431
2839
3849
9979
2276
3479
5980
8004
9825
953
5843
3257
1623
4773
2492
9693
4844
4433
5989
8755
6402
183
1348
8405
828
6343
387
674
930
500
1589
8960
1519
6024
2344
23
636
967
2987
8955
3123
588
9663
3410
7605
9796
4574
3805
5336
9157
6155
5844
1787
8855
1228
3035
857
4448
1430
300
5932
1033
3396
3279
8650
3225
3432
9180
4254
3156
4772
4615
5467
7465
1081
5318
7405
5925
5407
4931
1067
4303
5626
5947
5839
3081
9673
2710
3560
8504
914
83
3007
230
2205
9013
9094
5978
7783
6354
1904
7153
7756
2563
129
5666
7810
9212
9210
644
2703
3600
6542
7270
6567
5281
7472
6821
244
3827
6896
876
6521
440
5581
8435
6168
2198
1216
9809
2901
8304
7707
3233
7609
5971
8406
5137
6896
6945
233
1987
2950
3540
6256
6600
8614
6748
8309
4121
3748
5346
3588
6496
1587
3726
4038
4400
1628
3077
9101
5524
3213
8114
290
6390
5076
1029
5088
2696
6863
4679
3514
5279
1507
9161
1426
3823
2984
1493
1080
2762
5800
5923
5367
1841
9123
5978
7360
4680
2251
9886
9953
4576
6326
4154
8911
3750
6971
9237
6377
2760
2083
7227
8868
5076
3436
2310
7931
1202
2313
9331
5414
1455
5851
9097
8561
4784
1700
2754
3698
9949
8824
6780
3185
9109
3877
6151
1304
8758
3559
1651
7141
5876
2458
7661
3568
7207
8908
312
717
946
8789
5218
9679
7377
7262
1529
8303
7453
5880
8177
6108
3174
8867
7915
8804
5537
5419
5659
4231
1015
3308
3039
8426
2356
7200
6851
3372
1046
7836
64
4311
283
8703
43
3946
4605
9796
3292
9297
6151
2735
1837
2286
2640
2672
376
8728
3008
1198
5160
6050
11
9636
2433
9474
9734
1755
8957
255
5002
271
6520
9301
4518
4285
4020
7581
7341
7128
6768
3104
6639
48
886
1359
4236
5832
1606
6307
8056
3089
5446
7049
4619
5433
1289
8790
2006
2671
5308
9947
3388
2868
507
5343
6809
5193
6957
3580
5453
2694
237
425
2266
8818
3306
6942
1813
9320
4159
8961
785
1710
3500
8830
8046
1187
8836
9722
4377
2931
1594
4733
3485
632
1964
7940
8377
6525
7343
3847
6474
9180
1894
4591
5762
4883
4295
1197
5193
5162
5147
1874
2478
677
4285
5815
2094
3260
8655
1525
3956
8446
5104
8655
8458
6146
618
7671
8316
6333
8608
7430
6609
6616
8271
1253
3595
8696
4714
8049
5573
331
4360
7959
4340
6918
7619
641
6510
1284
9440
5834
9688
3891
5978
7253
270
4546
1537
9028
3996
7233
2190
4488
3230
8245
7599
1576
2789
3003
595
6835
8443
8374
8961
7206
1488
2556
5666
6294
3744
1512
2150
1051
4758
7355
9407
2172
1740
5772
4640
5319
8717
281
9018
8628
3002
2302
4213
2391
8603
3672
8242
8509
24
3790
679
5171
2338
48
3142
4832
880
5371
5395
3184
3657
1123
1638
974
2263
7042
8988
7795
5125
3624
8966
6628
9440
4095
4327
7595
6525
6748
1438
5292
3991
9416
7315
1904
2303
8306
5591
608
6803
4647
5470
5504
4033
883
7075
3220
9726
871
6829
7952
6483
7479
1161
2116
8880
3953
8933
3347
2562
9383
6423
122
8997
5975
6317
5574
8399
9334
9936
6032
3376
8959
30
9134
6203
6524
6604
1686
341
1061
7347
1893
1354
5351
9771
7491
1906
8144
3501
920
7949
4777
5684
2965
2714
6983
8718
1494
1454
5913
7182
5922
3615
4323
9056
7582
3700
4417
9091
171
1667
977
6004
4414
4874
9510
2684
9291
9923
7603
284
4005
534
6547
9825
412
9436
378
6507
6946
5831
731
4613
9729
4353
8457
4044
1761
4353
4678
6771
2827
710
1510
2070
6895
5915
5799
9112
7468
6511
8691
3317
3682
1092
2249
1155
7683
9822
236
161
2816
2774
5370
3028
4331
489
5065
5893
7388
6976
6496
3042
9877
7344
5380
6067
3318
5586
1822
3776
6047
7588
882
5005
6502
7760
9622
644
3424
8664
2135
9838
8145
5974
3073
855
8889
5518
1344
1438
9416
1081
3140
6980
9892
1714
1497
53
8647
4455
9139
522
6294
3817
6536
187
9870
1552
4125
3143
7721
9718
7681
4587
1907
6691
5117
3668
4221
884
1489
8376
9008
1889
2992
8531
3703
6341
9637
9376
7290
5152
4555
2395
3841
6897
1712
444
5723
7414
4915
8121
5051
6605
1651
101
1600
1866
691
2602
7112
8184
2034
5555
8748
9189
3839
2954
2405
5862
9737
5699
8903
6010
8165
5501
3071
6649
348
250
2704
9063
5727
413
6004
8012
3411
3828
2477
499
4356
3568
6157
9553
2121
1657
7442
1468
7076
817
223
1759
3638
1111
5434
7873
6322
4516
1365
4930
2470
1825
9006
5042
5872
3244
351
8715
7340
3048
6284
6608
4408
4092
9251
9032
3476
1189
7110
1514
1037
9879
4340
2747
6148
7103
372
6156
4160
6783
9679
8672
7617
2978
7136
3156
1565
7448
2822
6497
5619
7274
2559
6034
5655
749
2994
770
1982
3911
8450
3352
228
1785
5189
9620
1080
2318
5211
5047
8105
2798
1653
292
8596
2054
4354
2270
3590
3558
2444
675
6014
9307
58
5001
2870
7894
4866
7420
1482
7930
3279
4436
6019
8168
4211
8633
6604
6267
8688
3504
7583
9492
484
5855
2257
2578
7345
8142
9517
8354
9870
500
7596
4034
3406
397
766
8876
8575
5721
7288
9362
5454
9985
4685
7732
9711
7432
7057
5764
8041
9678
6275
9270
2262
6703
1464
5230
7807
9105
7708
6138
9523
2785
7749
6036
7826
1193
5067
6482
3657
8111
2305
7108
7643
367
7552
5541
5479
3027
5104
2059
2278
8970
8436
6964
5292
5729
6693
5833
4241
1347
734
5021
8890
4135
5752
4093
9061
2404
5964
2271
6782
7426
4231
5830
800
664
2652
1730
3496
1079
9453
9601
6955
2062
1555
5523
8576
4679
5281
9669
4138
8873
7885
4801
3221
5314
7301
5828
2736
1165
6214
332
4386
2804
9150
3898
7938
7119
875
9275
8277
8679
3667
8133
7944
7129
1980
4215
212
1132
9941
9667
5048
3052
3633
9041
1970
7432
4174
7033
979
7621
5655
834
3361
2886
9407
9848
2672
4034
8097
911
9466
9723
3397
1024
6709
4800
538
1469
5473
8617
5785
7425
9045
9042
5166
9778
8524
8655
7327
5080
7962
6389
5695
8504
1045
3973
8525
6854
5638
4355
9259
8718
1063
233
6950
7204
9027
1680
1245
6322
9995
1256
4590
413
2303
6290
6109
9821
8915
9603
9580
9586
3656
7839
3258
5693
2334
1086
6262
9421
3908
3934
7540
6434
5302
7857
8044
6208
7205
7575
665
9054
9350
670
9926
3003
8151
5386
8822
8445
1081
4999
4055
4579
4082
267
7871
5954
8465
9798
5091
2874
1088
5019
931
1138
965
3484
4895
5268
4808
5448
3603
8213
7558
26
7238
388
6808
3962
2975
7009
4818
6756
5111
5967
9866
9313
9088
2371
1463
1410
9457
1477
9426
4304
3978
532
9740
6657
1888
3882
2050
692
4574
6667
6001
1691
6094
7607
1942
9258
8326
8226
6851
3
4614
1126
9297
1547
1368
5120
2942
4896
2986
8862
7709
7676
4415
3254
4240
8048
1988
7498
8660
2872
2804
780
6225
8211
4475
9837
1242
9143
2686
5058
3790
1071
4842
2925
6360
7306
1614
3676
4481
287
9010
9008
6811
514
9364
1770
4155
8698
9174
6590
713
7822
9898
3106
3452
9727
7530
9636
3009
9367
9209
8392
1152
2531
7073
2643
7996
6109
1678
223
192
8954
7009
4266
1544
512
2332
2153
8723
128
3792
3515
2564
7512
9912
8367
2815
5900
6418
4150
8398
8145
7155
5072
6464
3910
2354
2274
7656
7504
6141
7983
1356
7941
533
544
3386
6347
7471
366
5685
9630
2818
772
4632
138
3226
7416
4572
305
4798
2970
7095
7943
7588
1770
8190
2674
7802
3408
6591
5810
1142
9375
9499
5067
5237
387
202
2306
1446
2358
5671
6331
292
1125
3427
3224
408
4779
1498
7372
1252
3003
7100
8045
5289
3423
6465
6519
929
6860
6662
1817
8980
3385
3771
3511
7558
7860
2141
6933
2876
2672
441
9395
2782
8728
4414
2627
5787
3151
243
4037
8771
5184
6850
6816
5017
8441
9042
5365
7679
9500
1837
8575
8587
2737
6676
8106
4067
6084
6594
8412
9234
4692
2624
4872
4397
5375
7842
8247
2963
377
1090
6271
4
6144
6970
8304
8348
4786
3688
7001
3099
4623
9773
6365
7459
2427
4061
8928
7447
1777
4576
5293
7672
5271
2002
7935
4628
2391
9852
6663
5873
7219
2945
6964
7333
9061
4452
1082
9714
7135
2254
6622
3700
652
8850
3698
585
4246
5484
3434
4916
769
5650
2616
5445
4198
4260
3069
4476
3180
827
2713
9963
121
9523
2994
1842
3956
7109
6841
6641
1048
9238
8320
602
1317
1526
6621
7820
609
3689
4576
8542
8470
9683
8606
9819
4009
4841
1646
963
6104
1410
71
4746
1319
5173
2514
126
8454
6669
9539
1206
2501
5399
6289
6046
3778
7996
9331
9258
1400
7301
7341
4724
7492
2640
6626
6994
1780
4292
1157
2771
670
126
3919
88
9384
1640
6569
8978
3993
6036
5226
9231
7249
3520
801
4268
629
6815
1103
8963
6751
3252
4195
167
151
5006
7343
4450
5551
5923
4569
4516
4864
1437
5608
3725
8805
5469
5854
2942
828
8992
9399
7502
124
3869
5968
1855
1485
2225
3219
4954
849
5268
9224
7750
4065
8143
8120
9321
4850
3002
1641
4514
124
9636
8086
3210
2154
7080
1920
7460
6819
3546
4000
7079
8131
2571
3982
1730
4664
3995
5686
6690
9768
1988
4455
4812
5395
4811
6086
4109
3925
825
1214
6717
4216
5724
6540
3343
8428
4804
7158
3897
1335
2743
2953
7768
4840
1679
2104
1229
1350
1291
251
2457
7687
8791
11
1722
3518
2408
3420
4067
6745
1654
430
5338
3521
3759
4205
1242
4141
9049
1502
5995
2707
9821
6622
2692
2683
9595
1763
6099
6578
7265
639
572
4548
582
5064
9363
171
7743
5409
5718
7280
5291
8962
1204
3252
8172
7180
1419
5416
2168
3447
9922
1267
6984
7913
3387
6902
8597
6945
9343
8347
2098
4605
2464
9529
954
9414
549
7400
8106
2807
435
2198
4057
1333
9908
4131
7220
5542
8963
9758
4452
6963
495
7419
788
6229
7665
319
6719
3714
8164
9440
2635
4315
6160
3469
2412
6740
38
1083
1717
530
2535
6531
1469
3694
8597
3367
6257
1138
211
4486
5333
2582
6730
3172
3595
5916
7859
1219
4389
8045
1463
5863
7946
5644
8215
184
1161
5688
9842
5533
8740
593
7422
4424
8442
5384
4565
2251
6554
9380
7934
4226
7320
3928
3043
165
6883
4562
337
3679
2339
8454
418
2404
5657
9794
4543
1317
1177
7011
3901
4693
6015
7800
4878
2787
2999
454
9787
2951
5914
3964
9831
3270
3739
6918
337
533
8250
4180
8776
2292
7065
138
7581
7788
1471
3371
635
6620
4061
3314
7691
8309
799
6043
9486
9854
2964
7617
8813
8929
6960
8428
5567
9988
5742
6191
1188
7907
9772
4711
7382
4997
9787
4611
3213
8471
7557
7871
8396
9268
2966
3840
6007
3548
3511
8536
6111
9237
6478
2298
4106
2142
4728
1290
4202
3739
7141
2577
5557
8061
784
3411
4466
1611
717
7806
5142
2976
182
6682
7056
5470
9903
1401
1934
3409
3900
2088
1215
3193
7560
6163
5205
4247
4064
7844
7758
2783
1117
1314
8392
6085
6900
4909
5786
8728
1738
4599
1436
8833
9040
7367
9893
4204
5198
1333
8400
7767
2308
6411
7713
4992
8114
3013
1700
6545
4159
5724
3465
826
1236
4710
1048
62
9006
9284
6285
9442
2087
9815
7321
6203
8261
7183
5527
6524
3985
7056
8613
7429
5887
9483
5786
4953
490
654
3907
9846
8889
7934
884
3873
5704
1776
7484
629
6150
6983
2313
3843
4291
9809
4864
976
5514
20
9815
3356
2640
4745
5023
4417
2953
9155
5468
5881
7871
856
4919
9553
4748
4275
4636
8731
4995
852
9502
6194
4164
1212
6497
1756
1159
572
3370
7827
1121
341
7104
242
3047
6771
3241
5403
8747
6819
1310
7412
284
2310
4340
6169
8629
5209
6224
9593
3657
9399
5363
1681
7351
4567
775
6171
5925
2885
2436
6177
9726
2568
4400
799
7718
6734
2781
2224
6802
3868
8230
8575
5188
6863
6136
3451
9725
6257
5200
1816
4299
1454
1076
6791
5215
2638
2757
6096
6771
5405
8254
7842
8571
5183
3861
585
7475
2281
3554
4358
1310
1859
1283
3941
6776
4589
2938
528
7071
2878
4654
2512
8621
5249
1225
5727
4072
7757
3925
7059
8358
2683
7054
2369
8975
7353
9088
1756
1326
7234
5928
6666
4390
7111
7202
5460
8395
8142
9402
520
4737
7124
995
6976
4696
3457
4360
8982
7438
7763
7387
9869
2034
9319
9309
489
2833
7637
3001
4487
4585
9813
8029
9490
5025
3499
3724
3642
6878
4605
3855
7638
9332
153
6530
3795
7099
7645
3262
5204
4213
1092
9285
69
6654
4343
1398
9719
3432
7002
5758
5918
5618
6916
1619
4348
6934
3284
2879
8932
8508
3945
6404
3741
7460
6389
7363
7523
2292
8529
4749
8835
7797
1449
7910
641
7659
5243
6384
788
9034
6115
2848
8178
9062
4263
7291
9397
9459
7601
6358
7468
4444
4982
4841
8904
3308
399
7561
8621
6476
9908
4514
8467
2875
5107
8203
2366
7650
4878
7668
7776
957
1832
2276
9003
3199
6429
7045
556
3157
890
1343
7141
3863
5530
6059
4790
4290
5514
5298
8773
4279
5251
3332
1442
2111
6756
3666
4133
6950
6081
4408
623
3486
788
2147
6105
2101
5109
7702
7070
5614
8884
7212
9321
7517
1199
4967
6421
6224
1100
4434
994
7320
2643
62
1655
110
3550
1300
4039
6140
9685
5388
9203
5427
3352
685
3418
8944
5605
7416
8657
3927
1588
6146
5198
2767
5358
6580
2791
4787
6365
2234
2277
4025
9921
9846
2908
9558
971
7784
8846
6350
1633
8015
6747
3982
7100
6188
2520
6283
5800
9307
8959
9924
3654
5293
9574
4701
2004
2345
2574
8222
2782
1878
5885
2781
1653
9114
4128
5438
8221
8566
1878
5534
9108
5293
6608
5891
9276
2648
6561
9339
8837
6635
273
8756
9386
5242
5637
3689
7745
6066
6956
1641
5657
98
6283
8191
8517
1074
7423
1716
5482
8939
2515
7104
438
6866
9962
8313
9265
762
5998
7274
7025
3173
7261
4485
1102
8514
2364
2872
1830
1809
4144
5786
6758
6580
6087
751
2464
5960
3852
635
9730
2506
3708
3460
6122
8806
4240
5216
5999
643
8391
5557
3615
4041
5281
9323
2872
1606
6760
7132
7864
9975
7947
3834
232
1245
8978
3045
9976
4725
1646
5660
3589
7448
3270
124
1002
2920
6650
6454
1889
6819
5511
3436
2754
2734
1441
1120
8953
2646
4861
5449
1733
1833
4028
8062
8580
7153
637
2663
7852
3186
8829
6163
4410
1652
1725
7591
7035
7514
8291
7819
6997
134
5973
8989
8872
7798
1990
6018
6092
7535
6413
8806
2857
5947
7545
5405
4775
1196
2587
9239
599
6276
1069
2434
9179
561
8249
6454
7970
8327
7477
6380
5016
8958
8984
2893
349
4328
8050
6988
5617
9562
5036
4011
3227
5398
2689
4522
7865
9928
8793
9563
3186
1872
6083
8689
60
9520
1596
7831
582
4427
8223
4021
776
4623
1831
7449
4925
7738
6245
4962
3861
2503
6935
3406
8561
7928
7954
2751
6897
8483
1855
3964
4159
7183
8168
3176
5642
1323
943
5704
5502
7119
9752
5455
8979
9411
2302
3272
2471
844
7796
6682
7358
782
7411
9604
7479
9298
4854
2310
7234
9042
600
6467
6710
1297
3761
6480
391
7465
9789
5490
1220
3173
7031
4634
8295
5306
1596
6859
2989
9971
9717
8225
3781
5496
1583
3006
3860
2188
8211
1089
9814
811
8361
3374
5828
2880
6028
4930
9278
7536
10
8736
9239
5971
5333
161
6033
2259
9277
8436
1620
3666
7998
367
5463
5664
2196
4011
9998
413
9816
3109
2714
1913
7691
4064
7337
1616
2160
3826
4454
7194
4847
467
8072
8922
9490
1490
8598
454
2496
3071
6332
9380
24
7903
6793
4929
7540
6073
165
7817
2016
8773
1946
6117
5499
9044
5977
7654
6230
2949
8617
2760
9378
2757
2488
6255
4819
4016
3169
8125
1513
6424
9970
3
6073
4239
1703
4863
4843
714
7516
9871
1788
9638
5190
6692
5685
2552
1208
1647
6726
9863
6106
2302
8547
5551
2100
9559
8988
1576
9410
9807
1105
1223
1412
6517
5794
4766
59
9420
175
5615
1916
1955
6025
7431
2595
9025
7772
2453
6878
430
9788
3484
1230
3151
7216
4448
458
9804
6578
7267
2084
3579
4423
1744
1567
6712
2901
9231
7703
1229
3232
7365
6716
362
5820
9135
4764
7390
3172
2900
4619
5326
6269
421
1345
3682
6616
4715
7741
3673
6331
3152
1316
4481
4831
8104
8817
1169
4127
8973
5276
2323
7721
6054
4102
148
2396
5460
8490
2157
3213
4782
6451
3941
7981
1985
3672
8443
4864
4300
3298
701
2374
5045
3706
6385
2246
150
6349
1812
6702
5649
5096
2772
6685
1391
1446
5189
2730
1464
8791
3885
1721
9557
4602
5362
5347
9003
6535
5824
3162
1146
1671
6224
3134
1343
2105
3813
302
1990
9803
7702
9567
2992
4708
2951
9771
3331
4726
2407
9807
758
2421
7653
5864
5960
2876
4016
4914
5064
8354
6579
3657
6337
6645
3250
6559
8586
7101
9186
8643
3025
4503
9331
5902
6520
5939
4561
2406
5016
1030
228
5852
9961
5867
3919
5178
3952
8406
9191
4120
5665
5395
7581
1538
5905
6339
2039
207
9488
3250
4665
5111
4567
4803
4604
5088
1227
8087
5350
8639
7486
6462
9857
1391
7692
7051
1171
8024
3180
3752
5288
5372
6399
7917
2216
6811
5443
2339
9106
3564
665
9135
4991
5125
5661
2566
4533
5686
5296
4782
4329
3395
1757
767
4159
805
7121
2119
2146
9125
7359
1887
8524
2144
16
2780
9284
3959
2925
8005
2225
910
6456
9837
106
5184
9412
2336
5429
5281
8980
1384
4228
4462
3571
5388
6601
254
3744
9514
1974
9185
5339
9196
3075
7660
6498
8886
9738
5700
6314
6550
8939
8019
5816
9119
2170
8249
7489
9798
210
7843
2831
776
3707
6153
2115
3596
3728
1779
7836
2673
1591
9673
8585
3358
8127
2715
3592
3065
65
8452
3012
6836
3816
4933
5936
8374
4262
1662
5223
2949
184
7080
7344
6265
350
2978
6629
7728
4661
7471
4248
9276
2555
1422
6099
5334
2094
8373
2126
4190
5291
7438
8717
6677
4441
8646
7519
5233
7834
9189
3853
7074
7
4087
8228
2587
3301
8763
7404
4782
528
3034
2040
1547
2884
9219
2796
3080
9071
6150
2803
2632
771
9746
5075
3693
1709
5439
1809
5911
2306
3117
1340
9579
5428
1771
709
2850
703
8783
3855
9612
4668
1183
5237
8607
702
8775
4711
8026
9553
9429
9612
5253
848
6555
8630
2313
1165
8520
8357
1655
8919
9516
5186
8234
153
3342
1260
5708
9240
2793
5680
7815
7855
7590
2147
2734
6274
1087
8863
834
1445
7140
2252
5013
8971
8292
3047
3696
5319
3805
5926
7049
8119
4480
1520
9853
1600
7215
1758
8218
6303
9673
1452
1129
1950
6409
1334
6443
5700
4803
3022
3040
2592
3861
6468
7731
9496
6654
1328
2173
6581
8339
6728
7830
8546
2121
3575
2095
8836
3978
4324
3269
1831
3707
8695
2277
5658
7473
9908
6580
3091
5017
7740
9788
8864
5560
8148
4950
1368
3283
674
6472
9299
3670
1297
1626
8490
6767
7610
810
6499
937
395
2432
3554
6865
3054
8384
840
8643
5908
5616
6878
8215
8335
486
2923
144
4705
7241
911
233
4760
8880
6799
8632
1676
3509
1326
10
7775
8222
8061
4100
9065
3208
2369
5530
3183
8840
1891
7060
5974
1353
9225
1154
9593
8768
3157
7475
4574
9860
8980
7368
4692
1119
621
5571
3696
2543
8683
1047
8115
6131
271
5063
5497
6521
4174
1428
9243
1326
4472
2953
5881
9653
2219
3124
1542
9709
9705
5115
565
7259
1146
6435
2910
4666
9347
9133
4007
5213
373
7083
7156
5972
3310
3419
835
7359
762
878
8687
536
1721
2698
8920
1648
1824
8396
3992
69
2009
1601
6428
7407
8851
4000
576
8176
815
2045
7069
2741
6613
5577
3068
8916
4351
3494
4203
4211
9778
2175
2501
9406
608
3946
5169
730
1876
5643
281
2538
3337
509
3876
9955
4998
362
5196
708
9414
4082
6934
491
4637
7881
85
4265
753
7422
7868
6152
7076
3814
2551
8688
1424
1838
3507
1377
4154
6156
8590
3800
1601
7940
3379
9765
200
5821
3648
5000
4742
4752
4393
6393
1189
8967
7619
9120
2729
4648
6164
4803
4122
147
2264
5578
9460
3659
7848
4614
784
3880
4728
1626
1109
9895
4872
5092
2669
2317
1741
2210
6195
5757
8012
5768
9718
5516
5520
8871
6658
8844
2491
3688
2379
9147
7493
2185
4585
8397
1881
7447
9690
6428
2725
513
5636
3309
6476
9029
7363
7992
5487
5327
2662
1092
5837
6110
466
4379
3555
6826
9311
5411
5807
6036
9795
242
7068
7530
8508
2704
3110
4074
8874
6518
2471
5490
8859
9983
2535
3436
3733
3042
9686
4624
5259
3052
2423
8377
8469
2019
3402
7308
4686
4072
4191
572
348
3170
701
8629
9655
362
5591
5484
1972
5381
501
7958
2617
5010
6322
1637
4808
9768
2527
513
1601
9323
8143
5752
6211
2543
1428
4594
393
9301
8536
2925
8048
7872
5652
5877
5522
3985
7407
8261
2112
4398
1336
9558
8710
824
4981
8198
6748
5127
2687
2965
7804
7494
3731
6079
7906
2377
6684
5325
9087
5323
1127
8784
6851
2893
3818
1599
4699
8543
5999
9020
3886
686
75
9633
9399
1465
698
4118
9812
6802
5734
3966
6160
1486
1332
3443
6345
5018
4881
993
7310
6456
2081
3470
9215
7063
2407
9932
5137
56
8943
5903
142
1667
2644
3398
8097
9945
2467
8978
1723
7123
5421
1005
3103
9302
6504
8902
1416
8029
7859
7938
9381
1806
5236
5370
2751
6957
3267
7831
8385
6346
1071
6575
6967
5477
473
2142
9780
1776
6609
3812
581
646
3982
9148
970
390
4399
2823
8467
4724
8464
3849
7906
1120
6267
2879
5832
3402
7225
4807
3834
7335
5056
5620
5124
1041
1019
8721
5069
5853
2287
704
9962
3414
6525
7870
4810
1848
9310
5488
2116
9748
8400
48
8673
5489
149
3215
8468
475
3684
4695
9874
9832
5144
4918
2335
468
5708
3790
439
3614
7093
9658
4234
796
4882
5773
8117
2173
1887
2603
1244
2177
9074
5679
9541
7310
2438
5643
5517
9684
231
6418
9834
4976
7403
9818
9708
703
2146
7540
9884
9803
1388
40
7795
6193
9397
3292
1836
6529
5375
7356
3323
530
5836
2522
7944
88
4358
6115
869
129
6391
