4942
9407
9423
4065
8716
4707
5465
3199
9307
1854
2506
5937
7973
3136
5321
9728
2765
2862
33
9433
9265
8228
9426
8131
1958
3905
5542
3385
9149
7762
3876
6172
1434
3226
5886
4908
7407
7895
4448
1993
9041
2089
596
9922
5823
8978
2193
6930
4234
3631
6639
5836
1460
457
4119
2335
7282
5278
530
265
6271
3188
8882
7060
7659
4220
7096
9745
8058
6061
9523
1209
4989
2593
4631
5725
698
508
816
3444
3905
6414
5014
4982
9977
8293
1621
915
9341
1040
9603
3604
4359
2428
6796
2901
1345
2244
3629
4191
8562
2863
1142
2393
4537
8296
661
3230
7701
4089
2860
1561
3003
9024
8580
248
7513
4249
2312
1700
4814
8038
1434
6377
558
7509
6006
2871
8410
9120
7068
1598
2684
1771
1325
7457
5485
1097
9565
2209
5208
7304
8505
6217
5948
3640
6227
8250
6491
757
5835
6782
7297
7943
2524
2295
7120
2603
8269
7945
9966
5710
4920
679
1183
9891
269
6427
452
2878
6344
8665
4399
171
6129
1875
7997
658
9780
6699
8242
7026
8570
7816
9622
9121
6160
5802
4370
4458
9725
1598
7005
775
1678
3684
933
2187
7243
7447
8288
2705
7462
3001
8709
2656
2648
7575
5557
9687
4131
6152
9077
6462
776
384
9741
6476
864
40
4753
9789
4828
8040
2289
6416
6166
876
4002
9094
847
7180
3427
478
4287
4927
4258
3296
3447
8651
699
2438
4763
5900
4200
7294
79
2323
4548
3362
3028
8489
1096
9922
9943
2538
2961
6815
7219
4547
67
4545
4303
8440
5241
4259
355
6078
9986
1672
2092
5949
5314
8163
3030
6390
7303
9046
893
4805
4192
1814
4613
1828
2560
1852
2191
9373
2477
9886
1670
8642
2645
2599
1575
4941
7503
6340
5626
3737
7112
4639
1198
779
6348
8305
3492
845
6504
8239
8423
9093
8957
3042
94
8223
4727
9179
9959
5499
8803
1171
5596
5909
9442
9065
8927
7576
3468
7247
8644
2453
9262
6810
6831
4564
5523
4686
7729
5618
7960
7
5775
187
4527
5499
3128
8947
6779
7077
2504
2715
148
408
2375
3302
5955
7049
973
2762
8826
314
1233
5800
5579
4301
7020
8327
5016
2057
1168
2200
9944
2751
4820
3676
1473
587
6477
1372
6535
7286
8408
8250
9754
9828
2402
9226
1624
6904
6431
3819
5295
6035
741
3644
1462
3538
1735
8014
6627
8964
8179
6052
7208
5946
3961
3968
3062
488
4608
8823
5017
5968
5894
4281
3784
5385
5677
1935
7164
7147
3330
4258
3803
3565
9577
6478
9691
570
4586
7387
2830
6403
8214
4979
7250
8585
9584
9470
6148
2514
5176
4264
1351
8310
2891
5709
8514
3328
9107
8794
5362
8307
8828
308
2007
8061
3752
8946
3393
1262
5257
4105
5819
9665
8881
2387
258
8920
9672
972
9691
7906
6948
3657
530
6989
6436
766
9810
3680
3600
7315
4310
488
1032
9447
4119
4803
985
3222
9806
3354
2376
7332
630
242
1735
6986
1586
1502
9942
7359
2739
5531
8216
1647
3110
9042
2837
693
7227
7347
313
74
6282
7228
1582
6184
9468
3505
371
7649
3104
220
7184
7920
8204
3308
746
8860
479
3616
1542
9728
2047
7286
4906
1875
8990
2726
9040
5352
2724
4932
8072
4715
3475
6171
7325
7947
3208
582
6314
1867
6846
925
9277
4536
7686
3399
4498
4888
3636
9314
6783
4620
9531
6304
6353
5685
7406
6841
8823
1594
8702
6810
6124
1270
594
247
5726
498
1307
7428
9021
6691
5811
3163
851
2360
3701
6817
8852
4092
8467
8411
2526
1994
5129
3004
4652
8591
522
7439
7020
831
1343
3310
5721
4849
5361
2827
4355
1780
6695
9463
6348
9615
7657
5170
2467
2532
359
5152
7704
115
6793
8040
8152
7229
191
1892
5968
1008
5474
7911
8141
2227
2738
5368
2670
7703
9174
5348
3509
5209
9627
553
5395
1716
6900
2070
586
6362
9452
9786
6328
8183
924
755
236
1498
5797
4128
3454
8322
9772
9532
7276
1943
382
2905
2673
9213
2181
8144
6228
8488
1478
1956
6836
990
4259
7090
8782
4726
1089
799
2161
1710
9121
3323
2182
9589
7038
1793
3365
421
3904
8060
103
1016
5724
1394
3610
1637
936
1980
3144
1846
1096
1425
2476
173
1135
5848
393
6784
8735
6244
1408
9277
8002
6850
5982
4417
5386
2802
8926
9372
1939
8524
4234
4508
3649
8632
3882
5051
3213
805
8145
2186
3806
5505
6313
5669
6944
1514
9811
6553
4082
1979
3087
8859
9924
5101
9463
7602
5776
3134
7506
3332
6747
3173
1563
5006
3746
1757
4132
4113
1559
3019
9913
5658
8302
6321
6669
5861
3504
5988
7861
3556
7947
9854
7575
2043
5392
8453
1809
9499
5618
5674
9550
7897
7213
3464
2281
7038
4784
7464
625
4353
4581
3856
8835
5647
2498
6041
9546
6188
9275
829
9708
3841
4351
7202
2386
5539
4594
7382
662
7561
4220
5841
7142
9591
9751
5940
974
3981
1897
4666
1603
2571
4615
9153
7036
213
5333
1000
867
1309
2187
4491
2620
505
5452
5309
9492
4998
3411
9425
6412
1578
1444
1188
9582
3891
3119
8011
9016
4109
9628
1671
1545
9705
2133
4834
5651
696
2927
714
4781
7189
8610
3860
1382
3818
4068
989
6402
241
45
4268
6532
6700
2620
4416
7438
9000
6800
6698
8288
6153
3238
2782
6992
895
4216
187
499
8815
8335
4711
7284
9689
4868
5465
625
1483
6071
5108
6475
9207
814
2156
8453
7428
2942
4057
9042
4639
4244
9902
6825
6877
4068
7198
4313
1879
7415
8449
4079
1826
3536
2820
3276
1750
2189
6144
8374
4786
2521
7659
7886
2151
2057
6955
4499
1783
2142
1472
5616
7967
2334
7105
1241
1614
6053
2151
4247
634
9702
7979
2850
5820
2734
3292
1998
2937
9431
5941
8743
8226
1519
258
5957
6277
3083
1903
7678
5510
1201
2219
1847
1798
6724
9908
1021
9913
6648
8221
3656
7075
1958
7980
674
1618
